1 0.3164969790540968 0.863136048221102 0.5199062838890469
2 0.4532715435690018 0.8666929854567663 0.8886781493968297
3 0.9624853840343274 0.06732488323961927 0.7899926985703246
4 0.6494515150298702 0.5403563815921425 0.9197260202421011
5 0.5482177519685226 0.879866060575445 0.9091517969253525
6 0.8253546083434228 0.3563346684046622 0.6993422772285545
7 0.8606592343479283 0.2683477292248312 0.3812399767970803
8 0.25755515373413906 0.2081982700070678 0.6389090184621137
9 0.6811604504909426 0.6497960411178696 0.6821560776380383
10 0.38879406611453515 0.6842618694325255 0.32733132957067534
11 0.15277561285961172 0.6152769107138649 0.4302073051911003
12 0.18986392576341415 0.6935963343006957 0.41846020448413523
13 0.6486216235045446 0.6809466740874425 0.6371548722305258
14 0.11559792158884152 0.5882104911505659 0.5128129260988058
15 0.48263639065000563 0.8964701825535386 0.9535324700567684
16 0.9830407818323951 0.7607444360636613 0.1926612972271048
17 0.03354277046249543 0.9134509614855723 0.8038293632407434
18 0.677715905979221 0.18073186424749843 0.38607952133624523
19 0.35662742190033636 0.028139454395009866 0.9000316329268958
20 0.9926346519224641 0.10972895698483154 0.924568922633489
21 0.18611064153403944 0.9578194881376719 0.05275859586979903
22 0.18892165174841458 0.06445766171538425 0.9002560490064435
23 0.0290050392024378 0.7170784424494953 0.10073816460268326
24 0.008138294474101415 0.32282987980817146 0.3450166153390736
25 0.6064444904041537 0.9493934850715945 0.4630581762746122
26 0.7550149743940356 0.3585991490976479 0.21004534852838108
27 0.05696273410268571 0.4186636675686828 0.44574311121836985
28 0.7126764029401292 0.32316357606807977 0.958895796453554
29 0.012988022506979391 0.17623389321850547 0.03380177090405967
30 0.8875557922748585 0.6663223503004531 0.7019911576777658
31 0.7462698993450034 0.761732356587294 0.6056364207809732
32 0.9437073880366194 0.3727366589995297 0.873812389557117
33 0.02114879522097335 0.6183020201963848 0.032102175886625894
34 0.7231275326807651 0.00454911197675989 0.5904919461142758
35 0.45300149491148267 0.10257489471748382 0.8756301078253743
36 0.4715836734059812 0.8424839469087814 0.04165627740923261
37 0.8293653234832138 0.9304498160624847 0.3074466873034484
38 0.39625730489955846 0.7052511639972462 0.467316261148648
39 0.74155680346352 0.3529610245907838 0.05389938790319526
40 0.5269831847111297 0.23316157780474478 0.19663499538154705
41 0.796125761051167 0.49043971374566264 0.8991753607372309
42 0.36863123397126774 0.4435588567874158 0.8923467866098463
43 0.524287078831198 0.8814857765546049 0.7361819729642913
44 0.21361469430630187 0.02326668207896898 0.5184283260298751
45 0.915328817291018 0.9119028303307947 0.735573612024203
46 0.9404216405626918 0.22571834386722145 0.1705762562259493
47 0.4842170911771335 0.3173183959451392 0.4821761841619081
48 0.4022218462265764 0.16061954214417673 0.7335933101313812
49 0.9927032344283758 0.49526522700335607 0.6765184237829703
50 0.06555336232710407 0.713095382879556 0.24680476036811771
51 0.1912488978382808 0.5956632752052057 0.1867062985198873
52 0.09202757914712445 0.9361411119884544 0.3605290058442484
53 0.7410050088359517 0.028125931252459657 0.19041008095433654
54 0.5550014418908651 0.8118006954732184 0.592819647174143
55 0.0320030491326484 0.33657540596297586 0.23600896942190197
56 0.7174008414364315 0.2207624394540153 0.13239268459353248
57 0.33301689478959684 0.04239154251360222 0.6916818553809414
58 0.7329295952776392 0.01898697682657713 0.5470768195637457
59 0.40174118356141053 0.7515651569103987 0.259414926703329
60 0.7005600055580417 0.1379061476971961 0.2437491736949957
61 0.07147255371971006 0.2510780904867531 0.9942049767952668
62 0.5824732644314098 0.41459558985845535 0.8082576505927987
63 0.5654054551150905 0.47916170703062644 0.6293965678841417
64 0.7246668774470809 0.4974638980231225 0.5917177153040694
65 0.6256186354723892 0.659511786942495 0.06937131456081158
66 0.544469741782872 0.9506772364755575 0.7041372930776251
67 0.8737987563336742 0.32143816409517467 0.7964214334719181
68 0.08719268592152352 0.5028699441165764 0.8521284791229455
69 0.3162651134105935 0.3484128895972517 0.07353518999389108
70 0.684177985879968 0.4023131573869969 0.31059987318005244
71 0.7678267578210556 0.18310042009901983 0.23648490983424364
72 0.83741732080779 0.027926835485549417 0.8877441788588739
73 0.32353956042570164 0.4388743463478767 0.9908178420482763
74 0.7746472828575576 0.4898954482575921 0.018775716044560964
75 0.4380814807856178 0.05091426052084447 0.7876987291422597
76 0.22311318551146253 0.8383577236517397 0.33642066507418367
77 0.5220508206416096 0.8025088953430471 0.811401834316659
78 0.9025034786408486 0.9334325382690701 0.7320579694408621
79 0.4604806604997628 0.15673236852091454 0.1554898302074449
80 0.7737127162022542 0.5717913391853204 0.7646632834469389
81 0.819383800804091 0.45638004102457785 0.7417219973064915
82 0.7386384884328816 0.7527159716363976 0.11292251836695333
83 0.43033015465469593 0.7875993385675757 0.6464052699479604
84 0.9256071252316057 0.5987672345730016 0.30416611328199594
85 0.9731991853896066 0.20075750458898745 0.36008022467538126
86 0.7113385182071806 0.059392746633039395 0.5817085772253864
87 0.7148083305795014 0.6765550965010895 0.17271728558337285
88 0.2582247913719685 0.24542618039625097 0.574682854107496
89 0.00453880130649531 0.06033186685597902 0.4454838110122622
90 0.6394490140907428 0.25345858978192726 0.5215557264689998
91 0.6728757402638638 0.37465801615147154 0.22651649783280614
92 0.15040922592783323 0.7911356295717747 0.8548815526995647
93 0.8444103307646328 0.12670534276661116 0.24241219171495343
94 0.8384768347426866 0.8346376039889255 0.0919180384452446
95 0.22177565832782187 0.6740921444242007 0.6024314622123023
96 0.6612042936568364 0.503003094111537 0.6358724759857769
97 0.7189746242018962 0.7064352679348999 0.35345392616598004
98 0.48008688481749684 0.7124690912430651 0.43853326012216187
99 0.13708849930130962 0.7910228988116702 0.09536706559738228
100 0.7680003325533586 0.3139975451247832 0.7844949073782661
101 0.947259351941107 0.1376154850188379 0.473580230631536
102 0.12943421397144106 0.4235505758887781 0.06588064618585943
103 0.276723242187748 0.4758274714665188 0.05774099629717966
104 0.824704113007107 0.5296733729214482 0.8454627852483528
105 0.28607493556931474 0.8688506488848067 0.26403700471746927
106 0.47181298545626593 0.7272464393418503 0.6501340007737753
107 0.5702874759644616 0.455598855058421 0.9534979687797546
108 0.28622784138610624 0.7587088082440014 0.9907038169806655
109 0.015217783898158532 0.562715087495736 0.7641635316762363
110 0.4785178356413281 0.5676755916190436 0.30202031174400756
111 0.2875252391001035 0.8157074753416829 0.2217791434567311
112 0.5298062587399018 0.9506056974467444 0.47916306029300637
113 0.007316152476918747 0.9861187956950578 0.628694766561718
114 0.36826585808233203 0.9589314505250981 0.4884084076728803
115 0.01727754443646612 0.45549044992257504 0.12201503362131194
116 0.14948133573954125 0.1498045285847489 0.3463346305023981
117 0.28813620642095994 0.8344932122121727 0.9227777580283756
118 0.7703031669734408 0.7256313015748596 0.32771719193307725
119 0.24613971664131895 0.05521236460099965 0.4544476745470126
120 0.47252920774275065 0.47730750999817084 0.2410063888816042
121 0.6816023926482069 0.7850927638314253 0.035925942318010606
122 0.0015504619134649733 0.6461900998673032 0.19889810987900247
123 0.503587321872469 0.7852792756515539 0.02159855415970824
124 0.41283747997525655 0.9392101997577885 0.7224037632523351
125 0.5725397445502507 0.2851019144023076 0.46740743827568976
126 0.25501994131089856 0.8917427455769182 0.06124045160379876
127 0.2745009997882756 0.5949036630250474 0.22520942894310259
128 0.162847088318692 0.0590946447188162 0.4264412590427431
129 0.7060662145424509 0.2838042345649301 0.8060848157775715
130 0.7054720535415909 0.9967208134419204 0.9750500272366991
131 0.6359473517540967 0.19687486126049514 0.8960020244681652
132 0.19075569589608254 0.5453685583514959 0.6276142552356753
133 0.5769903574100471 0.5406432535343332 0.7432137934312565
134 0.5873440817670922 0.5766324329030116 0.5585294308565728
135 0.8070221196114328 0.8259698899553378 0.7707432007874335
136 0.6217762815970858 0.3113488983691064 0.3898233964828025
137 0.4833936019538926 0.5472205082209733 0.8926440802051497
138 0.5145632326452104 0.5744003519593928 0.16984246198966768
139 0.7635019972638335 0.4275225045703889 0.6444619879930427
140 0.15008630734844663 0.9617016664415791 0.2963269773065199
141 0.3887056158913328 0.829983162613818 0.7598383357980173
142 0.6806819530863665 0.15592106878908063 0.050534824048775406
143 0.7009440895661355 0.9267292905509482 0.02541127737425619
144 0.700549241970976 0.3854845821907785 0.037340885544414504
145 0.1912469949129787 0.6497346513419485 0.030721936281609352
146 0.8328729914955006 0.546379048471754 0.9299518166738477
147 0.10009075740787388 0.6653288567094041 0.7004773128451952
148 0.9416100608388911 0.8149735084067146 0.3422643708974811
149 0.7971149196050922 0.20745398617347977 0.3764606450654254
150 0.8564018043190371 0.1447420994977735 0.6439268601910416
151 0.2005573836742358 0.25520161142669995 0.1471849164579353
152 0.8960312278801781 0.02619572632059808 0.306593380651774
153 0.7361261013312509 0.14983607802679466 0.9857745904524492
154 0.3704194217115354 0.08380668505750866 0.2567231484678514
155 0.0875882547789365 0.17875151122267452 0.26729233852191914
156 0.8716490299612374 0.5682413700698711 0.9076863703283493
157 0.7610596473508235 0.8344774675124081 0.7441599060620292
158 0.6119906456187739 0.8843082953282881 0.14640188041552316
159 0.42480273516943146 0.8247703224348961 0.9414578915821225
160 0.15432277887921841 0.9503212492328172 0.7393512882450989
161 0.45019177329970284 0.7980586130630509 0.9748873043448464
162 0.6451356727612357 0.8421049070702858 0.12705502708056915
163 0.22689469777399052 0.18417530035102547 0.595366460695775
164 0.39191561785230455 0.7480456235882451 0.8125918246387817
165 0.39349142499458645 0.22570003947423223 0.736889903372902
166 0.04808805103075631 0.4967505715986519 0.8698173611723453
167 0.9877126540918867 0.9462110096164138 0.9857389193660085
168 0.21666636828049346 0.25759378997812066 0.5497632354545254
169 0.8510529146978998 0.5710523023277756 0.6764478000219054
170 0.9948481854079373 0.9807445221112567 0.35912274803120403
171 0.8483194094844763 0.31463143416049255 0.02986355877371094
172 0.6103388790995151 0.3013869519689871 0.3331896226463288
173 0.6477872299082307 0.18612505495406395 0.05334570936763616
174 0.3448696297242513 0.7684696634438515 0.8249114356652197
175 0.21430085890989548 0.2114284318893216 0.19572834440169418
176 0.855887522515518 0.4513740974537942 0.8206405355350551
177 0.19239074337216588 0.11251635340965893 0.7926552341480417
178 0.3956078707933298 0.7995649159180847 0.8914921102389929
179 0.7451404967860772 0.40925131302517936 0.5101466021925442
180 0.310829405551043 0.4907575596294794 0.630664581621588
181 0.37169648823458346 0.4655443032784641 0.33506154408165467
182 0.9736974205803463 0.16747132653744945 0.5315465014280614
183 0.8183112512000201 0.5205272063910672 0.28678231215733563
184 0.6195687599206648 0.3802233222785735 0.5801011785634392
185 0.8089489833157513 0.021685188713803205 0.5118858478412946
186 0.9875681637150759 0.33111242671239527 0.9744808389976467
187 0.05300486136009208 0.024620661759120033 0.5485584958090386
188 0.2205965782226078 0.3077103680478537 0.17461188255671112
189 0.49894703749028213 0.8520637763086839 0.18309120972622273
190 0.31847766554411194 0.7432021378408286 0.7298351472344341
191 0.30166811847657427 0.15669704335212475 0.21368585754669378
192 0.004692435486819302 0.6155108868503867 0.47103509281149847
193 0.06449586327061207 0.9963335927970787 0.08231611156722829
194 0.47609865031126175 0.7385808631927921 0.3659807190991887
195 0.6556034821630812 0.7737753511412351 0.28337969585921263
196 0.4387562935931383 0.8741728946631915 0.004340349029269608
197 0.49487665017002125 0.6398152198421504 0.5535186904188634
198 0.5749830752607639 0.5670979770795533 0.43080172370753333
199 0.357485377694036 0.9996793127053847 0.06423027079854082
200 0.27205039694356203 0.021020289309198192 0.6918079987332559
201 0.417213023166768 0.8023139216811763 0.858102056449138
202 0.9155589554504852 0.39274927180013075 0.06172470345569103
203 0.2909280462898286 0.4757894349751972 0.8381403954986896
204 0.4979894618274856 0.7383728846252852 0.5323770338947654
205 0.28011409567288115 0.44905462818944764 0.6226350857798861
206 0.05951580958017988 0.7775528256845364 0.25650797041360396
207 0.3910664027770594 0.28598603099481135 0.8600161649196425
208 0.9835273051832033 0.040320331950300936 0.663272888627186
209 0.18281373704425685 0.36351096897188184 0.22246804681772558
210 0.4604173325083065 0.49963592883126107 0.8230032572526546
211 0.6861575324915573 0.0345524126657788 0.5147271517970041
212 0.6116842328513813 0.9977047621915849 0.7037986901136688
213 0.1904287777315561 0.156835865953025 0.5024026103750403
214 0.7221418479296157 0.4195723366188532 0.049009622339379666
215 0.22488407079424788 0.4213700047564354 0.33405785217253603
216 0.5473494645715823 0.6336534333056718 0.9077565713118736
217 0.9906278422489643 0.9073095545911027 0.43677909262200565
218 0.41719150134092386 0.3457287831985404 0.33269082840055264
219 0.023618700982036445 0.446267360276683 0.9857941811622251
220 0.5727468059296803 0.5669301477524875 0.30950294005900647
221 0.9787747969514077 0.6164958580868676 0.680672424286538
222 0.043399687356407424 0.17129924445534583 0.5750452835316251
223 0.6656933831554718 0.4226674166554759 0.8808135814307823
224 0.6781517513115621 0.43864409214545186 0.1168688685326642
225 0.12752332007069844 0.15371787133097858 0.8752787682799361
226 0.09430003922102426 0.6954289267211876 0.7306129650317946
227 0.9902813957422851 0.48588844516638885 0.11141488016465884
228 0.05296714915308465 0.8139058676705111 0.18313755577539226
229 0.5244705197158503 0.0600505751339242 0.5508299279250605
230 0.23020634745785484 0.6911463332792251 0.7077582511796646
231 0.1736399623414382 0.4462999735855451 0.44849149086128315
232 0.001237443458216525 0.31300028933484425 0.12787001021354827
233 0.7612080584140928 0.45873047494984887 0.1061269308181979
234 0.9188656759274856 0.8344812673193446 0.882421689207534
235 0.15231247148781335 0.7199620242591253 0.6646454127392157
236 0.846130089232718 0.1373462089031623 0.5986893508291669
237 0.14463446941156677 0.9468685071313615 0.7837057503793698
238 0.515680409618595 0.8407014092841619 0.17451738920177695
239 0.6395994953960976 0.07210368065899708 0.8036855012327402
240 0.5255450136510892 0.3484592994820034 0.12122780073749984
241 0.6360639821886458 0.15066605390801147 0.9865752232810906
242 0.9317725067950314 0.9534198434296209 0.2286631479436625
243 0.9985881665593046 0.20457911622740743 0.6062151383877995
244 0.5774819976432085 0.25889380547061414 0.849457915840072
245 0.24597123330147486 0.30630365528029013 0.013301207003288296
246 0.7753578758515376 0.07678951321312577 0.746433412462845
247 0.02010806042462676 0.06460095328867654 0.817504848141328
248 0.6013450650735142 0.29844776778655435 0.7891892372496144
249 0.3587253120567021 0.243635046300694 0.7094684623179476
250 0.39113659015795765 0.40790805478310743 0.7285331116952302
251 0.5677279655398765 0.6259786682382112 0.7581201327424608
252 0.44897071758327145 0.6268849056069278 0.5361596467456876
253 0.6445866442567798 0.7235337119998047 0.8467468975111845
254 0.12305538075010558 0.6811329191799751 0.4600646834667027
255 0.1482025228070597 0.688576093518122 0.741428216344487
256 0.02359082680780289 0.39512094782780505 0.2677900616442893
257 0.7556980173113719 0.7039479227256488 0.42489646674401993
258 0.647789097082961 0.8613596563734195 0.5500668530082995
259 0.6121755087704719 0.41582329189223177 0.870870294302599
260 0.6175387753069834 0.5201758331044228 0.029781614688134228
261 0.8214309336127885 0.4717884306030149 0.3573119641954585
262 0.4725536526916011 0.4232238907675724 0.5879863146038011
263 0.6470161495470403 0.7933008096693953 0.6439485040559279
264 0.20950299304961473 0.0658616672277551 0.11665461479286598
265 0.8110894666641727 0.7766637525480105 0.2193421902362419
266 0.6128879674374651 0.9184441397349997 0.43627090780568567
267 0.9684923885297444 0.6547775096962131 0.44697109524155354
268 0.6918431803454488 0.4317862858165997 0.9315490482027545
269 0.15124031821028672 0.3970090985145681 0.6144043681498157
270 0.2413894151386028 0.3181122807046872 0.5183926419243469
271 0.56754496891347 0.1461725988902849 0.5733464971124189
272 0.5531027488429521 0.49722795964265976 0.04261075931170122
273 0.8953485857527796 0.8229857846441044 0.8106242759122952
274 0.8314801447555688 0.564158144384843 0.8511888316325941
275 0.4050813159764519 0.1966391565901392 0.007512462887114824
276 0.416919728047897 0.5484369812026337 0.695209079706267
277 0.797955735780404 0.6798108392947378 0.881890411776415
278 0.111413847714675 0.35841991142363727 0.8209756353310118
279 0.6949323952178119 0.7367108219207986 0.8785970804338223
280 0.9233413854487059 0.0709107361196134 0.06539701942213616
281 0.527547301587633 0.054012176301350245 0.0959927852649034
282 0.4225681298287537 0.7164299516709179 0.7519930446825448
283 0.41289252476562976 0.04786432192671597 0.40196087302149197
284 0.5720164803587613 0.32508147480578486 0.7329494144853164
285 0.6212532250578219 0.6398709378036861 0.4469103103235055
286 0.4460099761513878 0.5444000070495921 0.7352186396374254
287 0.6513552121676174 0.20798512127568303 0.09664487058707838
288 0.5144076941054855 0.7949045000798732 0.9656797772986669
289 0.03886711703963419 0.617156174995337 0.5552484231614655
290 0.7656228227805022 0.2006099647477101 0.8487271853006214
291 0.17949662473527705 0.24766107092693768 0.37873187775277617
292 0.5470417307251936 0.0920471735526821 0.0070811174880850425
293 0.8155295538700562 0.43345671578980305 0.5205716293661565
294 0.4657577357588587 0.8257781251646087 0.3735978496466369
295 0.8405649676391695 0.16668970153432205 0.5081385256382183
296 0.47482917776141287 0.6062416047194167 0.3744022668860746
297 0.8161333440080405 0.12095510841870838 0.9063061734624874
298 0.06499358930723209 0.6632967081682793 0.3282654121477002
299 0.04530853170370652 0.9793707992971388 0.3260383467799334
300 0.9974971031092189 0.5544142658177017 0.018789234915251418
301 0.37798881727084244 0.4994744383722066 0.9476727791657884
302 0.100940319887591 0.08296883286579537 0.6820380010136725
303 0.17327077143419944 0.21282754572459583 0.2908546226945168
304 0.4952034732115247 0.4827231012646185 0.044589668465082055
305 0.8225587351268452 0.39446546892126333 0.812318708944495
306 0.5804782052690639 0.8811265330813547 0.019311921825046263
307 0.7209938925971322 0.9303895824896474 0.5469405183518898
308 0.25019601338681585 0.6699297876820802 0.8714090854234768
309 0.664264824972761 0.08510686510285892 0.06293554346608121
310 0.6956022778660454 0.3040923035865254 0.20156358453547818
311 0.6910449466781395 0.38670406065541085 0.21901952441269723
312 0.18446589688739068 0.610972738714245 0.4876193608414654
313 0.41693085477310965 0.8077058397150751 0.4122083684195853
314 0.4675134649768966 0.15499481727164077 0.1511379589041062
315 0.9433798813040832 0.0736680292144315 0.6141018930826153
316 0.4149869397788364 0.18152973622021673 0.6789144546196683
317 0.31670435822247145 0.015332887465031142 0.5250204688164226
318 0.1292904232865183 0.30082191943177183 0.4326636716419392
319 0.15927931741448542 0.05730266597062039 0.7660115102181225
320 0.4762177418009098 0.14639266663382633 0.7014051839805986
321 0.4149993486131799 0.17587505250711177 0.07808426841307248
322 0.11919023643751636 0.8919834452770983 0.4683049727135512
323 0.5493182313915379 0.9774089545803499 0.28239321723546573
324 0.5679907492737749 0.875736237067797 0.4993628756395042
325 0.4730088042047791 0.12400829543329617 0.856834473689508
326 0.3567206540226455 0.2472240161932988 0.9252900760838952
327 0.4764786491853906 0.9019486752828464 0.4389246825780013
328 0.2100002455980884 0.18631367500322715 0.28975316403354445
329 0.7021631208360006 0.5524547839845895 0.9752505104552525
330 0.9913867492230265 0.6690985308843114 0.8398306803338168
331 0.511434148818502 0.39485685838316287 0.6176770505166693
332 0.9466410520963259 0.05930930662468381 0.985517115094304
333 0.9699462610803428 0.999976508521553 0.8820864892872603
334 0.05943245866187574 0.6558223016827641 0.6223285914787708
335 0.8819152269745687 0.18894521960393562 0.31116715545456
336 0.42229441195970996 0.1333245047471876 0.7180971233524471
337 0.42878240056690564 0.750634096629675 0.0931164979027781
338 0.31774076470480894 0.014897128019228822 0.48735640697568516
339 0.6385514656497202 0.7259883283656152 0.643808039296425
340 0.8415741958891075 0.7791089260698417 0.23742015318077547
341 0.5100152813115142 0.8476559197643136 0.8498458297118989
342 0.40342012264257765 0.2814152319357084 0.5645159306294159
343 0.8112533712011816 0.5821576177097346 0.7000927093520944
344 0.248079322956972 0.5886976516227732 0.11908801471797681
345 0.031682540310872476 0.7174456148116356 0.155054534392434
346 0.7573396637784873 0.1243420058334348 0.08226336793141353
347 0.7092732204227299 0.8416803468871873 0.6650868573532316
348 0.6859648947332748 0.8033780220311744 0.12475825097409787
349 0.4833670040082264 0.8299278719925866 0.3310560777821667
350 0.42540466177449465 0.017457387682388137 0.908531658461109
351 0.4552184253589169 0.7135029761369467 0.5952679925750266
352 0.054159616117038456 0.1119011827868075 0.8173888751723666
353 0.1501075626898346 0.5797844946848811 0.37217379662951466
354 0.36837611680204907 0.5372727238195264 0.057065251152356944
355 0.5948134394864818 0.7658913390943202 0.2511855828725156
356 0.27218082035322166 0.4162166068432748 0.39768360726752683
357 0.009689852400460053 0.5136480263993387 0.8111009402742442
358 0.18026719379169598 0.5954412393660468 0.6443102047295238
359 0.08385675528970904 0.8115408411618706 0.5295818215658991
360 0.9880261822540461 0.39429551624791137 0.7878843641267902
361 0.7146790801364327 0.08836443950076855 0.9970698633703567
362 0.7220773361403344 0.28312315414167566 0.027664910714107482
363 0.3123430018661043 0.8719386805422747 0.9279282501224175
364 0.855839601770496 0.7653694220697964 0.019207022834837106
365 0.11955681419310527 0.4875983578953146 0.4602774428503743
366 0.003957950595259385 0.4013809078482302 0.45351803977252325
367 0.7664796911254803 0.5117212843291433 0.8131728020541454
368 0.23623640419074488 0.9498775614742174 0.004796951599437271
369 0.4527687190464861 0.2719118874825628 0.33857739379219687
370 0.5604428505814756 0.68592973433253 0.7112458041132343
371 0.7033356002106159 0.48257104885172 0.23534398026908376
372 0.23790282497939763 0.35006013276917425 0.42631615812192114
373 0.4107805632087791 0.22251812434863705 0.3002236582780029
374 0.9619652668530143 0.3258462467305907 0.8850906907603161
375 0.48491081037291217 0.022207882298066806 0.624693878324348
376 0.37837682214442137 0.3268625997172081 0.3336833410417812
377 0.4134447700542083 0.9179080844789582 0.8476605237617961
378 0.5724844487823959 0.9391635086990899 0.5966267807920477
379 0.48351497328792115 0.4100401842723177 0.5041937780544079
380 0.4353184283910543 0.3421025441073672 0.5625408370337729
381 0.5733101995631014 0.7864342823105703 0.05928041840371956
382 0.5844464068837523 0.907414851935342 0.31071775848998817
383 0.8824198698809312 0.2235814359183118 0.9993048277214889
384 0.6171161523821801 0.3848916109665764 0.04576940995109369
385 0.3937863324562749 0.15891034857518782 0.20567218956337252
386 0.17722904749874901 0.30615016057445676 0.6268297542896069
387 0.28595988228917046 0.9157781812389463 0.9049681286299489
388 0.8553340133720815 0.27631455077776856 0.04231312019224043
389 0.166801946082769 0.8875490180644413 0.6109404052106276
390 0.40925572914370456 0.8851904909210868 0.16040423029462858
391 0.12368310203684085 0.607764352916041 0.814548422452843
392 0.31155010907015945 0.32859570217588396 0.10701475316866527
393 0.46847999231337867 0.9542618284359956 0.944543688405385
394 0.3411533858882758 0.28702401916051745 0.25857758876877734
395 0.4180146069642362 0.3773488270987001 0.10150365016309704
396 0.2397799425997169 0.9578018741674637 0.21028945177297964
397 0.26002546765791335 0.0491943886113555 0.6512872342271055
398 0.07099414259814352 0.16039433441617934 0.27565197466494784
399 0.08633922034373365 0.6723422739229239 0.3617297868758431
400 0.9559718245417915 0.8369121764356572 0.4675278463766921
401 0.05538047429409709 0.9231323891921845 0.6661925603772827
402 0.3529343972833585 0.9431070521828359 0.157789414440074
403 0.16355015302205178 0.4889709307369037 0.8023096513692027
404 0.10047824798855476 0.01609168355622126 0.6361348537138866
405 0.10491461320847839 0.057693283023422026 0.11301651546727731
406 0.390986637747461 0.8704828281682985 0.7230417665860095
407 0.46100973805847045 0.10666107536583258 0.10952610396521623
408 0.7475733717130459 0.9521832091931194 0.5236608738050572
409 0.5321689674195184 0.7408881992278249 0.41759789410451165
410 0.4333268173843756 0.18806141907786345 0.9044257815516705
411 0.5904630901995378 0.057718320417087354 0.46679544129563155
412 0.04710518599549374 0.30047928174548266 0.459828871747341
413 0.5789074061609708 0.19320637502310278 0.04359000016634995
414 0.029292101774726187 0.06480580283995319 0.6228942595251251
415 0.8829170682106339 0.6898630171057438 0.38689442024727927
416 0.5837891379780435 0.008343046324508663 0.7470548832795926
417 0.7287864266921179 0.023970566527389714 0.3308202996023737
418 0.5646306628156046 0.8282852221822858 0.4009762069637054
419 0.863601793292809 0.6817259922790162 0.6282247529005932
420 0.6565759825768076 0.06439612104260961 0.7944763253133535
421 0.9636840913619268 0.3773938372114056 0.9466796284962814
422 0.8625230907484468 0.6565812108388933 0.37900163354524685
423 0.7840415268733499 0.6531721371524241 0.7434834675623087
424 0.9001418748100654 0.03055585690905549 0.2246638629552039
425 0.02941526971077446 0.8382997430472161 0.3578163569694637
426 0.158819561160785 0.2961755747927911 0.4730688886290987
427 0.7989672420622491 0.8543726238632214 0.20852369774658186
428 0.017072029841640357 0.8104413139777701 0.21715962472923556
429 0.7016944749997477 0.9323822196962926 0.930696398181673
430 0.45415900054565417 0.8046682898688815 0.9954339976969346
431 0.6658189978746186 0.0072878472458602905 0.7143450204636492
432 0.9690382289460506 0.4604723326735709 0.25609227179634897
433 0.6225494965698417 0.7638491460455872 0.5334290562467721
434 0.2648666112437873 0.3587561254895003 0.5274170955046952
435 0.5090131862874816 0.30423640822288833 0.9317669547867515
436 0.04843186448877246 0.27905940562646736 0.4697525513198396
437 0.8212223616778497 0.4809542999970493 0.8072315916562909
438 0.3643595033225253 0.2731157531924566 0.3586059348383679
439 0.25918299105241127 0.9208816686801051 0.4895589074199178
440 0.051651494955469945 0.6996980379639076 0.9100468682781508
441 0.2586316902384155 0.5067653263357532 0.7650547725745839
442 0.2588351568928574 0.2450339181307425 0.7956580050945345
443 0.2713286396912926 0.9588178406664379 0.6116509086964126
444 0.5997543277629429 0.4485342648063809 0.7256913917591916
445 0.4734365919956609 0.32716975145091065 0.7884640809130828
446 0.3165270650491959 0.6077367231910042 0.11735579881635605
447 0.5509778855093258 0.34842072499246257 0.9345782712146138
448 0.6828620699454242 0.9175113205915135 0.9984222548603665
449 0.9628373560862454 0.21473683988629133 0.8623993571572874
450 0.8308727619561042 0.9184213311959261 0.4988029073664835
451 0.19618934044653702 0.5292666659165061 0.3644281953624863
452 0.5994153037461942 0.4931002181164863 0.38410131486876786
453 0.7952611834260959 0.6386561909376283 0.4071965796598963
454 0.34132754079579297 0.01836293371553266 0.17104147798523883
455 0.5321340885167072 0.8841006564092929 0.13483376813394876
456 0.8162794259385678 0.8312029499254787 0.45072604287536144
457 0.46898032331909756 0.21158215072882813 0.09516689225252217
458 0.6988552600669125 0.7841350292571476 0.5476631159340777
459 0.4258111638933131 0.4311350279510362 0.15844045999231882
460 0.2458410823183529 0.4157775392792229 0.09825242025697611
461 0.6284990757739061 0.15011974564586283 0.12286890364459091
462 0.7620089497221476 0.30012891615676174 0.36005820621771545
463 0.02527575468192167 0.5435436289602428 0.3635920112850045
464 0.0850597967972212 0.288374919827731 0.3630616076645464
465 0.911464695324131 0.5526786378729428 0.3642130003407451
466 0.8773733889438202 0.9818339426241427 0.4021815289674229
467 0.40836748601337447 0.7893937370926289 0.8832133569024382
468 0.10840234359499323 0.42837754322781063 0.5996040240219077
469 0.5907943407818855 0.9340548588735867 0.7721544616508733
470 0.37527006684426767 0.8516288469962863 0.8316426240355211
471 0.3836803215774125 0.3827946976799207 0.4109195159648743
472 0.6064501095938265 0.7665046523943104 0.3997644881926822
473 0.9035290184662252 0.9267117339399705 0.5074629617773808
474 0.7317264560556558 0.3715081616458311 0.34034461075527755
475 0.16083763810411367 0.5101296627800431 0.45963694992669546
476 0.3253618250412458 0.2970473882411858 0.9509149595612278
477 0.3702409243377969 0.6724460280381886 0.5348081826215969
478 0.8490873685672065 0.892506974856025 0.26244516076680713
479 0.5899691676354784 0.03441081160078763 0.5255562568644344
480 0.9749444436924731 0.22364794760586393 0.8205890762096851
481 0.4880092867724585 0.4215151767539782 0.34372057734276573
482 0.3253619711363417 0.7933150682693345 0.5353241350203174
483 0.7622604368606788 0.4981978453445137 0.3970568020334554
484 0.31310897869550913 0.10109875014984449 0.8311476805184157
485 0.3568909485796359 0.9853087318177106 0.23934853520550503
486 0.03465790637585442 0.14856437197481853 0.3309936458529653
487 0.54388893896484 0.29190127184759307 0.16297677974740288
488 0.5328570126685059 0.7956405855511435 0.15260902569749601
489 0.06824282468692644 0.21805371835354614 0.8583308650901946
490 0.8455087712443587 0.6615918244653405 0.35711505447754843
491 0.7537367340400077 0.545147365201934 0.35550216838486226
492 0.159048559481478 0.5667777404099889 0.012261014413967986
493 0.7364002851925456 0.319885931647515 0.8241055602078703
494 0.9096210884634668 0.8508149650423387 0.43229981153429464
495 0.9381136295482532 0.027730780315550985 0.6073811640388718
496 0.4378848669035018 0.7804548931312081 0.932140949592693
497 0.8648182710155445 0.33131138659870196 0.6178013284818185
498 0.078474010810759 0.9438967397893743 0.8147918257126027
499 0.13928338270411433 0.9927449518929427 0.558881215126341
500 0.23493696774154527 0.5494072775042226 0.6890343977891354
501 0.38400643730790673 0.41932388792116626 0.8537711316182799
502 0.61255000059375 0.020202731167451193 0.143426979282395
503 0.472328800766152 0.7386016223767509 0.8370742689318144
504 0.33756361897710285 0.17989226960427462 0.457757085538651
505 0.759310873462405 0.8557506418105202 0.9203482417173646
506 0.31860600179486054 0.3666143352157034 0.26076807472660557
507 0.20335960252682772 0.5968447266378039 0.9785235305517513
508 0.5089904072958893 0.3995671531586269 0.6696480252670041
509 0.7812495525978685 0.17808992849280736 0.611736047459264
510 0.7860271141796498 0.9190577765765439 0.34736713465508606
511 0.8554252861214678 0.6989866091341678 0.6270149638025803
512 0.4358528266542062 0.3803088075296186 0.2571300424752744
513 0.6561560686159669 0.6252883483714307 0.24922125455809863
514 0.6287522494431407 0.7276042533683856 0.5005743540588197
515 0.25528337927079725 0.6018271723483836 0.3755666708665878
516 0.7363130150686794 0.6688603726039746 0.6475686098104062
517 0.02906161952972708 0.5164957154408171 0.4254070919722571
518 0.09043090723542291 0.8051810921415208 0.3149573246842511
519 0.3481013890404664 0.3609107913838733 0.3257108939049078
520 0.3959696558695728 0.6736572672758019 0.884188308320076
521 0.22832568746040183 0.5621795752577832 0.3177921216682833
522 0.3407196786591262 0.2178862988641489 0.6437026584017467
523 0.37956199375747346 0.8289526222058076 0.20198892502361165
524 0.9792775295817459 0.9903315210459257 0.7503958609400108
525 0.5096496149850499 0.9791420434538396 0.9576304968079539
526 0.8440906086530099 0.6104303002677397 0.2865839385004596
527 0.7369510998247678 0.9631438359499149 0.7360582713352878
528 0.6976400355105377 0.4453150124417061 0.4908372378826328
529 0.10343608099894941 0.1767327062341385 0.22494063053211466
530 0.8051000404148886 0.8524790829186635 0.48572620228357344
531 0.0951052748658896 0.781623091676046 0.7787403843718034
532 0.8087985889404531 0.6547841235736721 0.7839653532488939
533 0.2617337382445375 0.09345591134479092 0.7150178916387018
534 0.3977915966676624 0.28005200091383764 0.7184968116030565
535 0.9427565636783255 0.9960694884522123 0.6295163684214914
536 0.98599658577779 0.21857535259995453 0.9494765399116005
537 0.850084431111166 0.06383665204252498 0.13348579261876303
538 0.3122089864313211 0.7753066068841813 0.6552518092853112
539 0.4084491177367009 0.428021152932463 0.10221731524043365
540 0.41007310213999215 0.7857143001878658 0.9036186047617626
541 0.40922088027858083 0.0949379254418189 0.1152807236479384
542 0.009562678160003335 0.17585298451762255 0.46747680129970726
543 0.16527890439941817 0.3798494401833178 0.22892475528681688
544 0.2632485113043108 0.6472645002263461 0.971082806642367
545 0.9440120076998386 0.7671733110168211 0.8158161600033514
546 0.8361819691124345 0.5224547957558109 0.06955800268642431
547 0.7240523274705745 0.6567467220323546 0.8501784962094096
548 0.8752674079526291 0.6250364291092967 0.32817105874303065
549 0.0807793454755692 0.07766298188886467 0.2960195415241538
550 0.88595778309883 0.021131379292575914 0.348746486106718
551 0.3244846070362545 0.3580978876208838 0.7097396875506891
552 0.8058094906284383 0.613710293845797 0.80427396597005
553 0.8598557110940716 0.9601330780153197 0.23318738881062118
554 0.8614574864099105 0.3214499008846965 0.3432607375847315
555 0.22094329073262942 0.8295181198819495 0.5485059348077125
556 0.8511779404543559 0.1769791512086769 0.2661757874608458
557 0.6837167829504559 0.6022029705441269 0.2636445171062599
558 0.6712589875397555 0.04977880101011334 0.8628105187363809
559 0.47548205870501403 0.5369831629123455 0.7691283158338135
560 0.20828470951863065 0.41500799346920625 0.03811176024832397
561 0.3035453047278843 0.16604005703292546 0.13640415796809224
562 0.699373231887317 0.7886384534337222 0.053132217529453074
563 0.7860943085773227 0.7859278312578436 0.696596424298556
564 0.2948031499588233 0.8819121238283546 0.7504347302431749
565 0.7984724892625767 0.239062252925894 0.6118488541052486
566 0.17652918849631882 0.5093410542189437 0.9899377950965292
567 0.9976817096281052 0.797069019441161 0.033308722385943956
568 0.8659931325364981 0.797192696417562 0.7229333830041701
569 0.8188666182709042 0.4906350633036156 0.0931747299622766
570 0.5621022190782144 0.5406741668605284 0.5826243229689857
571 0.5872228108174651 0.150284529865077 0.4356717149483088
572 0.3466387466639895 0.5358804956526247 0.3087097039720075
573 0.3410543628739542 0.8474159277207404 0.6262308760996668
574 0.7393608313175168 0.4324561235543608 0.6821127619838037
575 0.7694559229530035 0.11409657225594472 0.6633766022110857
576 0.9236741643994654 0.8508694318238738 0.9514646417737913
577 0.48561191010572824 0.9725745115767813 0.9939427230889782
578 0.563876341853036 0.41201746274931716 0.22730519973372953
579 0.023901286736001004 0.1773481065314173 0.6237445793645472
580 0.0070925298136261805 0.9956774621393437 0.698177810027489
581 0.9665649753221675 0.8858248505927836 0.7114656972696207
582 0.9449874849035382 0.2586209449470155 0.5454131068574434
583 0.5988322882548953 0.33764721006303855 0.9873828962252444
584 0.044690963603613354 0.6597602374359304 0.45075153301146353
585 0.7266221257294966 0.3404745093118965 0.22838055818647907
586 0.43444301249929385 0.5272195843625312 0.9180881772403119
587 0.14163816956104502 0.8073870625538617 0.5921773217511387
588 0.9928981896627277 0.5217979516290899 0.21973252790302822
589 0.43891413831965775 0.517835251568932 0.9987296373920737
590 0.14209181067727672 0.4504176125029494 0.6953532780585497
591 0.2216881936336117 0.9333003230421345 0.024165993118993256
592 0.7180770922653146 0.47104272280134685 0.15954627532509646
593 0.08271735895300625 0.7584761696110793 0.7984425940323938
594 0.708456076363137 0.22616853720294516 0.5821219157221666
595 0.35399967076058725 0.31009286776613043 0.3162582134200367
596 0.7967064324061248 0.8241651807403936 0.6282848580582203
597 0.2560028383031514 0.1680509821275351 0.8848874687276844
598 0.12165992063099595 0.5366431190457296 0.9926368042093666
599 0.5627842668962115 0.617751647844423 0.6987495953699489
600 0.4992492451651087 0.9937393528909813 0.26927701766639833
601 0.13596480091126495 0.6803048012796197 0.807939869136288
602 0.3453906422657581 0.7835070817043606 0.8700912422441157
603 0.892322171047139 0.7984255506843432 0.40187818346098414
604 0.26841043775205586 0.15714460511662998 0.773050338862393
605 0.7559735759469622 0.5283047567933774 0.16041266453741654
606 0.8565046624838456 0.5599311137628848 0.49499930596828545
607 0.88423173128964 0.14247725499915265 0.7612772972257383
608 0.6371162243398306 0.05780348975678096 0.1354706837437486
609 0.11044904277748346 0.07935993892926219 0.4461140467036666
610 0.6082993000015134 0.5790519907020226 0.48038211467769154
611 0.34887043392702954 0.07879034009602925 0.7186468691459934
612 0.40788257655836035 0.24884268051246927 0.047641704487383474
613 0.18830299501543402 0.6151671577028258 0.7656462704109599
614 0.11106813241953817 0.5890747168791929 0.6173036921307627
615 0.28742645066875294 0.46524613501191237 0.24911821454529282
616 0.16844131258353123 0.7852430857768595 0.4175739986650353
617 0.2865256267585268 0.7653282197932656 0.8124110373621325
618 0.3591734584367533 0.0823294224983182 0.3144351833277862
619 0.5042923919140924 0.6531771260679875 0.21781627907628942
620 0.34529268912436273 0.36689843905558617 0.5782018000435895
621 0.27581008148772945 0.5251762043735593 0.4219337867735432
622 0.7537475694134804 0.16405049884446377 0.39008547130126037
623 0.7066303626173008 0.6604108415588203 0.7295927757818367
624 0.07427502667060637 0.23051826375364282 0.8589008816175124
625 0.4212613073527691 0.5692362063815383 0.04427301713886034
626 0.06502040296677047 0.44983537708856025 0.8087289937782759
627 0.6609042989464107 0.9025204125089151 0.21829215283025283
628 0.5624472126783864 0.513565668297271 0.9574938165016997
629 0.054409377407281356 0.6376787201977315 0.1517581434326417
630 0.3987460778803392 0.8321273476507192 0.033212221749690185
631 0.48613603037446307 0.9620377526351728 0.8365589007371014
632 0.10265239054682862 0.43567941368171903 0.07692800780905129
633 0.7848553957822662 0.3968163764551381 0.5450591834467565
634 0.06364617192982847 0.820449205253915 0.03413311209211445
635 0.12704979396542282 0.31874860026731866 0.18710403350654115
636 0.7604841839515784 0.008991357388424714 0.9947525552228534
637 0.8247346315649533 0.10367120474155023 0.2543923429179955
638 0.8835687851380499 0.46087555499078414 0.30924625499043445
639 0.6256200352679762 0.8316974807304504 0.27129753880300034
640 0.8447279241332295 0.06873368627114051 0.9456554410108577
641 0.39767523121961046 0.873749750658492 0.8010660606737284
642 0.8030348199888693 0.5968658142568151 0.29301073822831847
643 0.5602412716412372 0.31503616339282237 0.24797077747005858
644 0.7124448886331891 0.601582529057633 0.4222394259884642
645 0.5292451163953112 0.5396463913949365 0.7034692146546321
646 0.9956573660330708 0.42760177674639277 0.6424426939930908
647 0.6323407479267111 0.3485888087816287 0.1623968108874846
648 0.3800631173282889 0.6727912718009481 0.6247829748890003
649 0.38206719883731777 0.38847952028868515 0.09641215912099654
650 0.7176232205295515 0.6108009306297092 0.18509701326774375
651 0.3565548829480224 0.6519891485682806 0.8645117604714865
652 0.5730906802205041 0.7501498367166307 0.23603113116615027
653 0.1465728612907472 0.887209283511359 0.7379078081166508
654 0.019231337535200677 0.5240944616817615 0.6587637593098358
655 0.47759527086442144 0.7385905667278443 0.6605597263741263
656 0.037507953115422876 0.7096693057952601 0.9644498481085293
657 0.8634010459162897 0.07045339137340845 0.006070195207414475
658 0.16059183343324168 0.5624894274025066 0.4478295425134068
659 0.1947901963629891 0.022919020774228582 0.4699943629451677
660 0.4363762983832179 0.2523917813956362 0.7280718640423736
661 0.6429217739803514 0.3128427547710667 0.547238341209996
662 0.46481636918142355 0.21443795644167862 0.9906309865358306
663 0.9485267130513192 0.6629515986415377 0.0013287081794521871
664 0.09817228912578813 0.20575402842419876 0.9355435981453136
665 0.3814042109194057 0.3745761104184576 0.7688332425452702
666 0.9814359101282404 0.4242161284706738 0.49731803900064087
667 0.3852856559866994 0.8101598066417985 0.930446361957024
668 0.4865154971136013 0.5788112409179577 0.5351690164231834
669 0.6812083205322027 0.5262939059028013 0.3491556527020052
670 0.8492640466210359 0.3618085171818274 0.4989239359305717
671 0.8658810706613846 0.09172214660193767 0.41826813247608996
672 0.43573622181385896 0.09816857741245022 0.626775926191142
673 0.10749313694622964 0.4900106492820544 0.34181075890303236
674 0.9440483945789867 0.6247320046119555 0.5727662222358171
675 0.9747209219000311 0.8049023695052157 0.43725329816507674
676 0.9665056880134628 0.25845311195588894 0.989150720546683
677 0.930063680260553 0.4411074245303639 0.14700306902809324
678 0.6363284583649369 0.41747373638214236 0.14548055836122475
679 0.30956723743623504 0.4317699009703587 0.9021606353905048
680 0.019158919314878897 0.31393742428214755 0.4835776539690214
681 0.4099195128175416 0.9629779706525107 0.8553681779613308
682 0.831706144606519 0.9463853340348949 0.7475500744415816
683 0.552873699180643 0.6808761455242475 0.49765430516050846
684 0.4279133395658551 0.13720191794145808 0.3038326239583923
685 0.41970402458051703 0.5343802830652263 0.9474053355254399
686 0.8366323119233664 0.5955827587568606 0.2495819447462152
687 0.8012420764333442 0.3669423393375494 0.035988776579427006
688 0.9194928532884553 0.8010829036939072 0.5378731679396563
689 0.764938968619856 0.6585145178810623 0.22566382487657533
690 0.0157171030595602 0.789700787427258 0.9076193672725226
691 0.3503976853963521 0.9162620287036677 0.7395124069206281
692 0.018401367632675192 0.28876823003842955 0.08457385418549779
693 0.8811732308479182 0.21420525909847732 0.07080599463523385
694 0.5350720636453116 0.8197329433863066 0.1980165356435104
695 0.48981675888883247 0.8417856341552079 0.5134459808508753
696 0.4379211435399265 0.31531406765273007 0.10412894512013404
697 0.9080542919120652 0.9416517683751009 0.6995062143080895
698 0.7427489496985513 0.37066271969010756 0.2870353997752444
699 0.9080243598659424 0.3009434924594093 0.18427649094884002
700 0.5849544380290863 0.14492021707105296 0.7407577589234273
701 0.05421579100945739 0.04420264095222182 0.1916967644621319
702 0.4044521932367461 0.6964548327833696 0.8605767490815452
703 0.7114528338312356 0.3557582545106517 0.11101897272188965
704 0.025185036975845176 0.9236015113647205 0.8584147175607386
705 0.2670626831452456 0.5952562026520989 0.30966291879360164
706 0.0725470664162573 0.7059842505714947 0.8491481250930739
707 0.10303656682696016 0.03161459009366163 0.9299531700272877
708 0.16655537394703834 0.16639238566340386 0.6161284102210495
709 0.7790076479481493 0.5057952095393846 0.9994301708942576
710 0.8819606402279851 0.23699974412125746 0.28579698712972645
711 0.7894876092677772 0.5532246601836456 0.05648085176378459
712 0.9781790208599277 0.40816607515919423 0.9169886021598727
713 0.967231768801539 0.621037012207259 0.4703174661866375
714 0.457423064684785 0.37926367300301456 0.2503326531125004
715 0.9678968883285727 0.396227559555834 0.4756375450144541
716 0.09464657237454144 0.7519820400907745 0.5084229102532615
717 0.6115892257330319 0.381452873909641 0.6873963132731656
718 0.5467365007740635 0.5595814109507942 0.7407629537681764
719 0.04613498958837692 0.9268905550117107 0.5533608883113178
720 0.5525428598854925 0.22053809186833984 0.6519261731737146
721 0.42274994525705445 0.13540737613081366 0.14855075655280459
722 0.14689755380957792 0.29465929060045015 0.8945444091798674
723 0.19495403497394492 0.6473790633468847 0.20846255180638373
724 0.8782972991627953 0.8783953549569005 0.08656733909292125
725 0.9569099227082196 0.847969701732728 0.6124253112245224
726 0.9856247184959059 0.37923459346628896 0.5803926890470615
727 0.6367947226164512 0.09712562825859417 0.6693667387012254
728 0.06681228568454689 0.13728769064238755 0.19803089866434342
729 0.1451686888756748 0.5081287590998419 0.07148000536791954
730 0.9987150159805408 0.04334107270347165 0.43601280032659373
731 0.7101909068053497 0.927963989415639 0.9418385744945232
732 0.4132553884124559 0.7489373205775873 0.6522991830167495
733 0.5333142560228383 0.9545390283023099 0.9010381412220373
734 0.49409472366811225 0.3253001666742269 0.33909189989350297
735 0.36601952094499735 0.8471744266085733 0.830337895282945
736 0.5700586089084791 0.08416601753080033 0.8718184257583448
737 0.9798358680543666 0.9762115056444971 0.7045839426629374
738 0.5481389054515948 0.5969126203458751 0.8411791246628011
739 0.7139160564538507 0.2951232562398485 0.8708491123313796
740 0.832783698087624 0.6199669775661844 0.1159864647034562
741 0.3163033130903118 0.17811888243305507 0.2694606808362897
742 0.9778790782756576 0.4627522289523044 0.525790245227238
743 0.3534328729451902 0.5367751600304981 0.637423887725551
744 0.7834143895803025 0.8469411233380136 0.681342016704849
745 0.03531532994175923 0.8761317333886984 0.8841999784244536
746 0.39663569360785933 0.2355502506801267 0.5172685375123739
747 0.3150779746082931 0.6726927745925043 0.8341784235270298
748 0.8402720187475939 0.9084904101255533 0.40351555788234617
749 0.5084155555465396 0.29930767868749575 0.09142561724070863
750 0.912042575772612 0.4743212071396753 0.382355370577965
751 0.14260510379581126 0.3069940770449431 0.2849368254762653
752 0.6981742079010421 0.1178509674867595 0.013576134415167362
753 0.39030315469498567 0.6989341833724497 0.954256629483121
754 0.6682146522332156 0.5702128795227538 0.5456305557561844
755 0.6762005699323675 0.7556788655142803 0.18431322917023052
756 0.15864038064590136 0.9292459825050141 0.6869186103677053
757 0.2725399694031666 0.9324773811348936 0.09261801761375776
758 0.844512771785454 0.4164663774264846 0.9238763822797629
759 0.7761406533141906 0.7497606335673491 0.5972137241699987
760 0.7011033467674236 0.22088658554287421 0.327171334331938
761 0.11109722448252157 0.821615610600588 0.9832041429719836
762 0.7628576382840732 0.6031013448035631 0.6734210065232462
763 0.4958033788769357 0.9409722076231855 0.41651071835666686
764 0.7282048753820076 0.5001992804611931 0.43212720423473316
765 0.64858031570646 0.7482782906174094 0.9699256537618257
766 0.5387055538086535 0.1786631639497137 0.7329535043209312
767 0.39125377611559453 0.4516751764887089 0.18096791314448202
768 0.017625662300734257 0.5840869803627944 0.5018136809539125
769 0.20125275159996336 0.2950325173214433 0.9303724418845851
770 0.6094132309898256 0.6283851507811683 0.7995227000140702
771 0.37228108767719903 0.5225739633190837 0.3963554242611478
772 0.10183873055206527 0.16657466999414205 0.5303209680296737
773 0.363627426106819 0.5611471368979788 0.7799086034591532
774 0.449574659073798 0.12690895551866743 0.13061739558754848
775 0.2920570399145511 0.7939863538695818 0.9126346319623821
776 0.9357601196520514 0.40652056711404805 0.8220398434343918
777 0.9101775266622137 0.4961171613120011 0.18260726419528206
778 0.5685649248585787 0.4703688562514008 0.6132094219907751
779 0.6031458781030129 0.9596766313790672 0.33724230953551937
780 0.40305007191685915 0.04073069569112786 0.32305732524821007
781 0.43724603526654804 0.9580745419824144 0.942012068254872
782 0.2778864127441798 0.14944611468080848 0.2517223101203614
783 0.7095647500420484 0.32600903607885146 0.5709423220209575
784 0.20237385337141545 0.7786677545371196 0.506653821687245
785 0.36558698821154945 0.20984721201669465 0.6261553260842788
786 0.875576805835797 0.13395315856493317 0.6289309804535844
787 0.9775173882352343 0.5929228768585081 0.9912113205780562
788 0.2507775372037242 0.16962855245460473 0.36697078657521054
789 0.6438426191865697 0.004563029016095621 0.08120090864357654
790 0.6055364728800057 0.48656578766807723 0.6703148187931415
791 0.6004999716032037 0.6804592001539118 0.3312934058763205
792 0.28237164117752744 0.22239637376838162 0.708823272749581
793 0.6580624522155027 0.4801068900553308 0.39626583200943855
794 0.19280911864324035 0.23714693971212264 0.8680638718448437
795 0.16504242616446607 0.375336362999683 0.5852594661554364
796 0.6008663585803373 0.6203534137116988 0.9780392106526877
797 0.2987776737090456 0.16324326569322622 0.3514216373290614
798 0.4984229176135416 0.2911721137537657 0.1242166953903423
799 0.2516275096645487 0.9002396431369674 0.3766071289438635
800 0.7076585783707076 0.7408123968408556 0.7194248026827629
801 0.4684127928557107 0.6080187379048857 0.8890182635237689
802 0.07685954154620522 0.7709753642372527 0.17752064388657673
803 0.16796714065385476 0.8820573228475801 0.13419293609230354
804 0.9438695774307904 0.5861182862140951 0.2002460949373801
805 0.25880472547808064 0.8668984191124857 0.8241320198587706
806 0.8612077492633243 0.19127659706202438 0.5864672977900678
807 0.3299447056720505 0.5182385765717692 0.8621454152831047
808 0.22517796700949655 0.6601764561051294 0.07636688615165121
809 0.17128865123660098 0.20460944134683 0.1248067720601288
810 0.004115126756544574 0.7764513484718788 0.7571192774569251
811 0.7543538159940818 0.8480737453885917 0.9310362484898713
812 0.3826642691726333 0.35424768998956646 0.9856201315775434
813 0.6532418941950453 0.08276030229669518 0.5933912116728413
814 0.8427107824535662 0.9719587572294114 0.9767362942960266
815 0.0006291820242919632 0.15232235862101562 0.35482018390115944
816 0.232858077884451 0.3544922071391956 0.10570634051644956
817 0.32970065044888797 0.24994295825188007 0.8524352216451534
818 0.6836541445768535 0.27609744850567297 0.6538659508260386
819 0.36787979209963473 0.6828458882369352 0.5564904297906078
820 0.715757824886767 0.8357378637713083 0.15917594719509243
821 0.4659035869053261 0.44517631547859005 0.8288488377121883
822 0.43020918456636736 0.01712738511857259 0.030929919195167965
823 0.8603561175826568 0.2689061675126816 0.39027936813320063
824 0.6333332637923279 0.09964149013778167 0.9596823445663075
825 0.19146383580220472 0.5738271400691431 0.805072234732813
826 0.1622603012922922 0.7260361071065742 0.24104017301239256
827 0.7964769151672124 0.4848881620711972 0.9460499791101982
828 0.6449863689234525 0.9627046295155501 0.3389350573073684
829 0.49216269806859625 0.7093065347617471 0.4084643072928008
830 0.17805489776790118 0.07971397697486726 0.008224054037252682
831 0.6964721856760879 0.9877610022598 0.5845245499417041
832 0.13931988719849842 0.3780424574745228 0.8736711383459416
833 0.7041862368171301 0.9383831679632865 0.13581255864770825
834 0.6832985298129332 0.11282162129781148 0.06183410134948897
835 0.9244176705121325 0.6755574061531185 0.7197708056568091
836 0.353227127945429 0.7093768776785131 0.3705505107175101
837 0.6377756668848203 0.41820969422117904 0.8152345664633954
838 0.3913912761006727 0.11642147242842604 0.6718259622007224
839 0.6754884889313567 0.2233515877413177 0.9068935637854394
840 0.8802904257286932 0.6152152954100734 0.38239958216931136
841 0.7105882705977525 0.4417389826828605 0.8511586933685285
842 0.4870853840046627 0.4495368244783273 0.127692358594642
843 0.12148343208261025 0.3376727515905553 0.5961482266148362
844 0.8039892944835307 0.08992629222709203 0.7939275439867325
845 0.9205465329319642 0.3458121357987909 0.3799225442572335
846 0.9365073417928108 0.02564008763276615 0.21997815974719337
847 0.009315507441365445 0.45538959144590196 0.21197587578142574
848 0.8303588442857729 0.4462036553388953 0.015387267325364773
849 0.21089857208891338 0.839042021360016 0.5212988931052723
850 0.7122837500290105 0.4598208512675691 0.1049869243605438
851 0.587764045839672 0.27310362911166775 0.8738836205987092
852 0.8848246117954147 0.7095951324240447 0.34365070002600684
853 0.9404130823408061 0.03671076415522201 0.36693254326698743
854 0.1634039724573585 0.7157834404148795 0.24893142572327487
855 0.22149166572252355 0.39466043932087236 0.6613735148734432
856 0.9527814856065526 0.6883534086432851 0.6633482690835758
857 0.22566593927999867 0.24493213208560982 0.38455338591980925
858 0.935015143788701 0.6359714859717643 0.8602954705813558
859 0.8461037667711208 0.6328418472889538 0.5388321768403079
860 0.12980326020617694 0.8410185737301502 0.912758204730038
861 0.4044272141188878 0.6264507102650813 0.7174088879274596
862 0.11517433299140589 0.9078163436802263 0.2528165917668107
863 0.7467156312610577 0.35914881861369785 0.730678724335786
864 0.6340078851911897 0.43233542420832427 0.30574068164149115
865 0.5796796870716993 0.9920998031534353 0.6426401782420018
866 0.4191437034519262 0.2123912600664829 0.06731041376127911
867 0.2923315600996086 0.8840351450018971 0.5904417338002901
868 0.8569893871742649 0.40138907324935225 0.5942830650657122
869 0.21474594665346625 0.11105071711265191 0.9915370353392492
870 0.6991047338270068 0.16026633173850513 0.8366421252301207
871 0.028939921673922453 0.35272195703288045 0.5885017754442452
872 0.5844762424477051 0.9140617134612293 0.025696070149956896
873 0.3589402459201422 0.9459406583220403 0.7048391954247822
874 0.45902296175632884 0.7841340394192771 0.42836729105751203
875 0.5562158881277857 0.5539098006077503 0.21227897099744086
876 0.41377459238058545 0.7900429395510404 0.9089122834109694
877 0.5248915159582651 0.11964124513487162 0.33746080330384953
878 0.5925582164559327 0.8171502748906623 0.7465515955447011
879 0.08702421221194578 0.06177940583228414 0.05721746706701958
880 0.4368642244136717 0.505846839796615 0.954265666534768
881 0.563565729610682 0.3430303365045406 0.6611446045773461
882 0.31340440937742853 0.07181524647513171 0.8346855168114445
883 0.09600359806892145 0.09680579626642816 0.4099651635069055
884 0.6115478604887702 0.25317705838706983 0.6887554606355357
885 0.7611998087261009 0.01015357479042267 0.2556939385995012
886 0.9346460826789604 0.3213368939425969 0.27571241063930985
887 0.34931052765316295 0.2348897312912489 0.7823961809118657
888 0.02831137740914902 0.4387593106097647 0.014281511991361406
889 0.6055152058054458 0.9769274965504556 0.23834848895472405
890 0.4535510546518302 0.9512281387639635 0.2859075900251222
891 0.9634977025227871 0.946706067007643 0.4850682593408271
892 0.911558148595073 0.07709718509315144 0.3042249388343776
893 0.062343746682494205 0.7654825779934655 0.6360321525237886
894 0.7633208333864945 0.8448696280314503 0.4588432430084989
895 0.8226062204584239 0.308070805591098 0.8476038919254534
896 0.7851835828208413 0.14964848051304558 0.4439146446230393
897 0.30366262471147787 0.9196495443593654 0.08592950911829844
898 0.9033426943203767 0.6542065255590712 0.5411488242849152
899 0.8481241672152147 0.21816966696457396 0.7840274475378082
900 0.16613226603497133 0.613541470792514 0.5916688467268095
901 0.8522035388882218 0.9517125752303829 0.799511960103646
902 0.48230344515823376 0.18626046979443 0.1469993072372343
903 0.5460015031658366 0.9322830956633571 0.7997192159308756
904 0.30818861838072387 0.8293170845755791 0.1192823356647682
905 0.14181500327888896 0.4098768115793374 0.036257207957384185
906 0.5215210504782541 0.8256622565893699 0.19412533083126748
907 0.3248705901390049 0.34116323628824197 0.23681436917316012
908 0.9760902455094642 0.5990559321755816 0.7560172138791924
909 0.943264737870228 0.30429106411836626 0.8602672296287127
910 0.9193033871790899 0.5795902344241533 0.9449200212316113
911 0.3311395915540145 0.5256975726061542 0.29072169693432903
912 0.7913240115003395 0.9099960635022257 0.5762680171211629
913 0.6622700007681299 0.06735342172132353 0.3620100516726338
914 0.036576539222055726 0.5119239755984317 0.8413039682175003
915 0.2480962672599054 0.8485630259596385 0.598082624122226
916 0.16556465968155953 0.9831574837045408 0.9262546455067816
917 0.49775593035044075 0.09343828014284128 0.6345538277015632
918 0.002008408012231233 0.523311061392638 0.28498756063154007
919 0.8382272329539079 0.5507438628910151 0.7050746485880229
920 0.21716846299243353 0.5310116652592624 0.948807500677823
921 0.5115665932803358 0.7571120119579604 0.09263493894258623
922 0.5782923816389524 0.945815603415917 0.4447595133983562
923 0.3592526132579945 0.6598618298639433 0.13454417078892067
924 0.07611953100890323 0.5963946589303596 0.4742311198412801
925 0.4791179056439092 0.17859924337103428 0.4661504830323634
926 0.5327952512681577 0.7504956132560595 0.48537389253627716
927 0.10025011030267617 0.9631325433975351 0.5743725697714306
928 0.0013576162657207291 0.04048648022262025 0.7987088955499997
929 0.937654300713224 0.3385508243347596 0.12976251292138885
930 0.2412962928901371 0.044595174841990715 0.7571246202015144
931 0.7441808228416676 0.35575587901395267 0.9481220910423378
932 0.307929780919307 0.15340924846842507 0.8184374643465575
933 0.9464204055467037 0.7447819380205755 0.28814218679548487
934 0.27229845713170564 0.03365508715953536 0.37366261760984054
935 0.11458610355715615 0.9548691720215521 0.5874000430591071
936 0.21927042940343167 0.9355363107930689 0.18017887570429136
937 0.14051952564232506 0.19990556529596926 0.638150718243674
938 0.7863644014263812 0.6977630624282867 0.35925181652171123
939 0.016963389487558933 0.43105140238053175 0.6628274426647959
940 0.878965522869183 0.5021649799320362 0.23473920891766942
941 0.9922598125471135 0.20253645189721625 0.3195285876437023
942 0.8841682091551304 0.16998169597270907 0.0917994914206226
943 0.2832758651684463 0.9769279518169921 0.48946869736847076
944 0.36223737259991706 0.9223932887393189 0.6643847274503372
945 0.878643743487115 0.5470806535682561 0.3408066910674601
946 0.0833500129026652 0.5993658901085619 0.6617145595157383
947 0.514134665200269 0.6791789131834268 0.7908390608263477
948 0.8867591740020241 0.3561492294685822 0.7486517416720191
949 0.3244712708902219 0.0572204269444625 0.9799952252478278
950 0.1966058304338285 0.43886495451872365 0.9481934020200447
951 0.9553345918258423 0.17418285651223997 0.7280910544336394
952 0.7370198381597629 0.04960437340912849 0.1622539191303226
953 0.1323935772520416 0.10128692368285963 0.07375534898006475
954 0.9503485352446013 0.5640599704375091 0.17514956851047203
955 0.49961419890986214 0.532852317337082 0.06053232185433188
956 0.8733375602639734 0.06530519809156476 0.21018730728169543
957 0.8928938600780082 0.2782174711670524 0.6176615999479839
958 0.5657465124160765 0.9041819422463143 0.09158067703306605
959 0.2212161862722739 0.5250544487828267 0.9438745552093557
960 0.3182063830870733 0.10458015549240762 0.8927004733419964
961 0.21912687828958655 0.36261289779688977 0.2175071711311526
962 0.37193260443132714 0.8964606148376203 0.5551547798484181
963 0.7453439661382503 0.8012506252896802 0.4653528618741247
964 0.4386827283179199 0.36038768102473306 0.14596162564724213
965 0.481543631199268 0.4899727178582125 0.14303277887169819
966 0.6345560720695717 0.540611816734735 0.030805920333062065
967 0.3975254496898919 0.437223390511259 0.17782645533188923
968 0.31846139529429873 0.528155107699006 0.3994436061219325
969 0.6340551381610632 0.8450367755485615 0.4658388232667172
970 0.4079116959938154 0.14566212215268437 0.36113856674282896
971 0.7256949163579434 0.26753431812807427 0.2971996226189505
972 0.17235194814887178 0.4780623582725567 0.5243901370317269
973 0.47796770087818796 0.7588388738581265 0.025538861362156218
974 0.5015447690475213 0.38493225523947816 0.7698324741369904
975 0.9832900561412947 0.5997834334110617 0.8422029378720747
976 0.5259471752509158 0.35358613174995923 0.10155799891714701
977 0.150006819044743 0.7924421836737691 0.5336866758426245
978 0.383830812412448 0.8238897019675744 0.973292806020341
979 0.6488624609612165 0.3266294863608403 0.2595247698050194
980 0.5248279667953709 0.1841861680771093 0.7859487740669198
981 0.1831852100736654 0.13085410008701237 0.6138076194968638
982 0.5249842199890885 0.840005450529471 0.45853411974918523
983 0.3860818650552408 0.7127521003720799 0.09909509526251148
984 0.22874338402903815 0.5748603670356922 0.2638238890500354
985 0.4236791802458868 0.3693467704800304 0.9469565056136023
986 0.24814875261667846 0.792290122940757 0.9400914035859298
987 0.397051449963722 0.3019195702018326 0.06476360643621637
988 0.1979238629545117 0.3780793325367484 0.11022890137342745
989 0.44932731211390575 0.7830805254655345 0.5618440999056851
990 0.27964807018516624 0.997743600500568 0.011777899884055976
991 0.8098636628921042 0.2778937268860373 0.10732740850530986
992 0.024069040614770887 0.538040533154492 0.17403349872817842
993 0.9283685052536876 0.7221519507996385 0.36445941112907776
994 0.91354173095527 0.4046631904647984 0.29967593910585344
995 0.03886934440744383 0.11559182796758627 0.6356588538095047
996 0.18630488213730179 0.6276646680711603 0.5103175981847877
997 0.5922516231866443 0.8589549881365095 0.8520278437899401
998 0.053794661919101094 0.6126861884408763 0.3045800671865956
999 0.3533540453412738 0.12371247114134465 0.27878121851835025
1000 0.7460784904354025 0.8734173933735431 0.9615550156865668
0.35