1 0.9283025024074856 0.4234201578870327 0.3073895557440335
2 0.8070375414827698 0.8567028921095514 0.45956454843229055
3 0.23548274038745853 0.4717698131439799 0.17328498035579365
4 0.34872304828046263 0.11456509065577214 0.20137110079994958
5 0.41747457118801956 0.42947063893831383 0.8834111436414352
6 0.9432932202904452 0.5864389671379484 0.9414929139278266
7 0.9177832144736449 0.008583266641042586 0.5777264695641998
8 0.8190784537905959 0.24544978930464212 0.6020407810299743
9 0.2223773574622272 0.4941682396360658 0.8853678307301132
10 0.4323602770153008 0.09488386211924138 0.7219345436952417
11 0.7090342285577163 0.8949197274390172 0.8483725730919436
12 0.395546937842954 0.1685897899596286 0.5176847302878269
13 0.019155454883304057 0.07351821622472221 0.800843637939245
14 0.7799765183593391 0.8000925880840504 0.7731603713546523
15 0.49043867770509997 0.5589983907543173 0.4669713676740408
16 0.5849637808752131 0.7281117528107299 0.4114927507126741
17 0.5896251411272453 0.4194664376621132 0.7141609129835427
18 0.41907751144656846 0.20867225450039784 0.5194064313611335
19 0.08465062940342127 0.5461799977274895 0.8719701427380101
20 0.6149552122245114 0.8156711175401028 0.8626920095473557
21 0.6135947515073731 0.8009417955905976 0.020675568892173146
22 0.14301284318023288 0.3635644523124971 0.3837425750072522
23 0.5737355022427312 0.3193827732577792 0.7266091437399983
24 0.6427981209709858 0.5248231926514486 0.8582742458960945
25 0.532856338286774 0.4056169997536475 0.4556881780007004
26 0.7128678617897023 0.2321270293074128 0.5445394339405528
27 0.88508532423353 0.4093783487598045 0.5123311604539025
28 0.3535897919186106 0.9597399922430592 0.11448346271827492
29 0.4610399649066993 0.19031360958697685 0.45094267914395225
30 0.08996511225108139 0.5288105709711777 0.6919318641159835
31 0.040528847463336626 0.7220886968020759 0.4314258339643432
32 0.7627575165221283 0.8616959947245076 0.2526334691132449
33 0.46864175543323594 0.931218259149511 0.823846274922604
34 0.8981465796594303 0.040972689042736654 0.9049554419865266
35 0.8209312426857893 0.9542770146767388 0.40006112788210757
36 0.15676722112199826 0.5919953930360908 0.24299313356163477
37 0.14637132604104086 0.8381704033503139 0.7035652304986615
38 0.105461621006533 0.36772203235901135 0.13258085654189278
39 0.4299428366982293 0.9663857575926486 0.01890580403038744
40 0.786455858705568 0.42163706641284127 0.6435489087974398
41 0.8595350872966081 0.6086752683823343 0.3068905671069424
42 0.19405720695780304 0.21761865371062916 0.3711601610291766
43 0.8570692379501831 0.0868949922299318 0.5612430792718689
44 0.20818380499538314 0.7359797440271522 0.3031956707265616
45 0.949049738739422 0.12159596949631901 0.8458409596898613
46 0.5463000585453901 0.11086969930317403 0.943061957920363
47 0.659845334986704 0.3213785582883023 0.5131522358086372
48 0.39724393334266694 0.1956631610169942 0.08108126171625785
49 0.7479491372268817 0.6915399611825054 0.5851118397044804
50 0.9362120854580459 0.5756403869895971 0.20554053684387663
51 0.7115174571439187 0.5650358002212541 0.17618495609553841
52 0.035337191165186854 0.15892352726143155 0.7502325321347079
53 0.6632296303197712 0.018116815158274235 0.7107184419195968
54 0.6647712881410046 0.8503578733640501 0.5257164433283626
55 0.6616011354520624 0.6188021803728937 0.3525129852493821
56 0.3554366506845158 0.9933394428715503 0.44462664379990613
57 0.16978423055522263 0.7564325368081782 0.9633887442334094
58 0.43169922050136256 0.602493659589723 0.44485053590596557
59 0.31803499413824443 0.2532401861646657 0.7012339298569117
60 0.2810759368293617 0.5791264974955876 0.5269893319237343
61 0.39914224256116526 0.4629434228882072 0.8611055219815706
62 0.682535839066095 0.599344460186525 0.300336332383223
63 0.9998728225745258 0.19178377940946134 0.5861699735907481
64 0.13762224883071517 0.38987661620167846 0.6606094979556856
65 0.724893551022821 0.06838374026073968 0.011248364696650248
66 0.8776006858881522 0.01047621504717089 0.8913878364696085
67 0.13368173807387285 0.3419254845704002 0.4941878829164884
68 0.6764872119313107 0.07217854481388097 0.5350336925974505
69 0.6851535857261726 0.962920106077825 0.9202664698982548
70 0.5259130119440761 0.04644178888503081 0.1952139827707552
71 0.43699979504304887 0.17775930762941594 0.0062439595365463285
72 0.5009514643721393 0.5384189196695377 0.5264137715708453
73 0.5392528057558468 0.5674436845690507 0.41288492843588365
74 0.3501729253556939 0.1986790676656921 0.02407697215596838
75 0.7986985089063949 0.8121865884651219 0.877734008907636
76 0.9121524767346082 0.1412434021207407 0.6215967185638959
77 0.6728775272367197 0.5359412492504512 0.2635264029377241
78 0.4997274732013741 0.8192361442454663 0.5347140518620818
79 0.16138563302127729 0.9789262495290255 0.972809363912699
80 0.5708745256411218 0.20756045736630602 0.02034823726090007
81 0.4168644218438774 0.9286431362873993 0.45501901112237864
82 0.3383207235823429 0.6472572315082105 0.9248817642793405
83 0.2193539449716032 0.7016877595988718 0.46107795721932054
84 0.9225389791677511 0.727047578088922 0.9746069465907953
85 0.38813373675207485 0.5649395662515208 0.7742930095326219
86 0.8238238311077448 0.830053560685094 0.16345716172397995
87 0.6131056184449949 0.47060274760702325 0.9209566805529774
88 0.968895576967998 0.14532709596536852 0.09260204758469814
89 0.35368704842812937 0.670842305217947 0.3555085251527368
90 0.6257316159984485 0.7581254421154704 0.8022932933609702
91 0.3067286680415635 0.8887059503405581 0.627836366102133
92 0.10199412793278384 0.8480562843340931 0.3514919218045893
93 0.7934770603429583 0.6691838601638064 0.3121206860058997
94 0.49736239913188995 0.7452801601512594 0.5957386083491953
95 0.0657771884254934 0.9126423909390508 0.7364496622701033
96 0.04122428572502512 0.2738463797542082 0.8797668443164215
97 0.9623294950042349 0.8235605607112088 0.8210922878515499
98 0.014735544489072328 0.6595170301631055 0.2473511076265411
99 0.4709143580468931 0.7828363164938298 0.12465061100337715
100 0.6562097585341569 0.5228144820438068 0.9685175204425566
101 0.8511262155870873 0.23654403373909005 0.9942803562614514
102 0.2849670586504689 0.7267389688770991 0.8550806832765397
103 0.25647672376824915 0.47888747837583945 0.3686445423039949
104 0.9941051620883716 0.36820968567245604 0.46192652503006504
105 0.678722168716472 0.7943524069657082 0.3408492827091322
106 0.5424562820500756 0.3842663014024582 0.4852720450751613
107 0.1957276762931338 0.45517965701657415 0.9474941394238884
108 0.37033047822777276 0.8861499670113118 0.4417959415784848
109 0.8706788719425113 0.9148420939253467 0.232957567086986
110 0.15018691842174203 0.3898734520425242 0.7945856117260959
111 0.061882910067208585 0.14215127193682076 0.3753516486898991
112 0.2736987982923559 0.2469599655968937 0.9749359772859433
113 0.9989804439674578 0.5581560005898821 0.6413327874053373
114 0.013664711691465659 0.5873553908823167 0.6152900100788307
115 0.25272554868126906 0.3661194260694668 0.295090681063352
116 0.011791460323540615 0.657982340771115 0.8249305528655534
117 0.8127581116904005 0.5848445488999998 0.7695415436330607
118 0.34029022970179956 0.9982251331754167 0.10443094872947711
119 0.11688896302334062 0.8962695307674953 0.15246788350053475
120 0.7613653040425079 0.9783543470078 0.40297545009708324
121 0.11709699664713946 0.7589330621843203 0.028713804478724514
122 0.14993242016053088 0.5721108733287061 0.05902494822877147
123 0.5311313937625896 0.8661724054545934 0.9447430665141712
124 0.42933748024649043 0.3221771649681844 0.004299547557489514
125 0.1344672531407446 0.2599210327934087 0.7398479114739004
126 0.6618306044627288 0.4137051044932144 0.2376000619352453
127 0.06163834518312461 0.424907786343825 0.48718424978376995
128 0.6076441500988847 0.43171975520759287 0.150911150540179
129 0.01831376003041707 0.6177336052348451 0.49002234702250824
130 0.8317078021704993 0.05371913535754724 0.039555191608390716
131 0.939711534847666 0.7703369891665718 0.8967280692916554
132 0.23679520013324296 0.25453564150586416 0.7850330301451557
133 0.5458482260247459 0.03411956143402117 0.23898751734234736
134 0.17430836194625254 0.6209708558856498 0.567695571787278
135 0.11146835817186285 0.921753168689368 0.23601835274880834
136 0.3302280537000234 0.02893704977455125 0.290938407504054
137 0.6389792430281767 0.29962195942469283 0.9166307943793243
138 0.2982272895732049 0.17402706954920177 0.6458674182000759
139 0.47246175578041616 0.533185709024663 0.5160310681221507
140 0.3790829691207893 0.2648828630461121 0.46483487993802663
141 0.5038296244324058 0.29634517429892593 0.024443138260309305
142 0.12652443353198817 0.4937803697147143 0.5763460033013892
143 0.3098285198707851 0.03829451843397669 0.4635139736880559
144 0.5497916898462704 0.5029152601863214 0.9263832059655017
145 0.864721929468795 0.9980320662857657 0.8948775496857831
146 0.23542663048617485 0.5945741147513732 0.7424856993887036
147 0.2905161995002957 0.4050375524148655 0.4562939896434509
148 0.3832161040960277 0.3446929522162654 0.3024551564792467
149 0.0922167453782875 0.5680564787125438 0.22782637991077304
150 0.7277553248216813 0.6168602469561127 0.3393889515671591
151 0.20442318460450615 0.3326915819018499 0.5799872419390193
152 0.4949477064295563 0.13796906109604912 0.23432334707021985
153 0.17307933794868746 0.7450777003723683 0.4222951303780301
154 0.6087663002026203 0.7479058279739554 0.2816714257490298
155 0.9964236202173425 0.4883395375737122 0.6697278992466197
156 0.4368196180155465 0.15685235624344684 0.6236882050409166
157 0.5374833222019466 0.4075336931992194 0.3058303164249012
158 0.29239437646487043 0.9370078145524823 0.3178784583271984
159 0.25033055101285284 0.5752165196952069 0.2515244520357538
160 0.9906189876778725 0.27406187577851926 0.5774061991001697
161 0.3499835095438595 0.6045678209867306 0.06455556773744442
162 0.4679556224304299 0.2681533834970242 0.5934570498460904
163 0.31590931444778614 0.701966808449142 0.3836085968908891
164 0.6738669339679326 0.20694647167045666 0.24083884842769132
165 0.5338126921786325 0.058058741534446234 0.434624197909682
166 0.5836010638016846 0.1751027001976675 0.99059892926258
167 0.36526906319764263 0.26430026469597556 0.12770633152905686
168 0.47048982919543936 0.4015301172800858 0.9084677595053597
169 0.2261382593543384 0.3234295933162171 0.8113024743581408
170 0.5565427830253947 0.6566151044491476 0.6942228396985047
171 0.6801817346702098 0.35388165031695606 0.5663945130374837
172 0.5906070311029274 0.6084991817096908 0.004092740415909013
173 0.4820661088169078 0.1567586664447681 0.41719091216933657
174 0.6225653808063336 0.2996950957222637 0.25814851327485555
175 0.8489643666619817 0.15365512561166195 0.06398839848206939
176 0.9492184629534517 0.393538931173243 0.6156657087771505
177 0.43109396379910414 0.7368491676033191 0.0698559955221576
178 0.8105111953199569 0.45542618777859867 0.5186894867575976
179 0.38114449893020486 0.908602793943826 0.4627948340291713
180 0.0214487420174716 0.797650322457413 0.9132508479508465
181 0.4474913733224636 0.4726222653693769 0.289344980833355
182 0.8308159502512505 0.502917464271072 0.39177268451005465
183 0.3418681279265503 0.4875925556182862 0.3922408509550773
184 0.2773857121248797 0.7574018272963402 0.2436358339346376
185 0.9494954330733439 0.34015202673605516 0.47191270216132697
186 0.2146801228391393 0.8293160151980569 0.6963441844667934
187 0.7999329206919165 0.8171139934320447 0.6119181861661419
188 0.4761925843263811 0.3890758715388617 0.7774414696476798
189 0.7740054360581347 0.03848947076913356 0.10987240022748634
190 0.2086959847948886 0.26656090187367065 0.8528927384078362
191 0.4176227268297138 0.9060998098552716 0.40675381848110526
192 0.3960371945630934 0.4357702879567066 0.9481004696400319
193 0.2324320684987058 0.15741808864235018 0.011964035318958843
194 0.9767570187810922 0.7279084178485876 0.42280350005004186
195 0.5897311719781554 0.959791829749968 0.5130533722571287
196 0.4021431924585509 0.7868312676199067 0.45084344889573913
197 0.49441966446893215 0.2069633866026621 0.25059944456201777
198 0.30413016880984634 0.8804512904470567 0.8214658355671939
199 0.5693032413632235 0.03800068880564744 0.5954006465456058
200 0.6721070690111047 0.11438579883453204 0.6356892396120009
201 0.6820855563206841 0.5816248971523741 0.26548605247719115
202 0.5901898409694184 0.6396706919862429 0.22935576277457992
203 0.7830603818705952 0.0500923279427804 0.5088866440884329
204 0.2986502962002088 0.07323080118266234 0.12353327270579662
205 0.9979541024281062 0.3929282416454787 0.4498980459183427
206 0.7861322068912859 0.3944722518629503 0.8238859150770171
207 0.529064265831985 0.19438681374380273 0.8875688821663745
208 0.7875899939072655 0.773632587021114 0.09209615395789705
209 0.3731735083296147 0.9519494049922634 0.6256878523310895
210 0.058566753998342214 0.18436818172782765 0.6590222161819876
211 0.26156268509988967 0.6891408531797615 0.4696452023661025
212 0.30612049195158697 0.12474295164005333 0.1810911668977473
213 0.6892251288734521 0.4039908311698759 0.8187458495539339
214 0.5445301530287434 0.06305717746446937 0.8354084484403173
215 0.8891674377071415 0.5301205744109251 0.8791266560768001
216 0.6288681277767242 0.870792766699069 0.29185708028096413
217 0.3857185940054537 0.46718141633141286 0.4304120425216619
218 0.601579483787772 0.442290903095366 0.7591751195765062
219 0.8573160128372139 0.7139138948175753 0.3600450314275694
220 0.6152140761567213 0.4169984603240363 0.7303414613529922
221 0.47982716683337123 0.33230371391150726 0.5306510453842731
222 0.040882815337750844 0.11946117572811987 0.5888464173906192
223 0.4007779378422319 0.9756479266016232 0.0489256925508309
224 0.10123790978340319 0.8534237287227949 0.02145580363260502
225 0.1235820660548792 0.20200915393066676 0.20227321230021644
226 0.28500751967202254 0.18503758054988773 0.48942438088025275
227 0.2643587061141738 0.46174496759260053 0.6873951223644273
228 0.9267949359077703 0.48909897689476445 0.06965685934487498
229 0.9377258715399316 0.8587507135499645 0.23308139435345332
230 0.10431765568336948 0.1936863287181967 0.9425781606362613
231 0.07707014518994637 0.6287398670111882 0.2074198851915221
232 0.20407940428688942 0.22314839948039678 0.7449158577091433
233 0.136578497219763 0.9562719269554061 0.7551276345896298
234 0.018851673275957825 0.9775004874241083 0.9565999470771367
235 0.48994481669189205 0.999477921788278 0.7788625206508611
236 0.7811346209534199 0.14728744585246012 0.3831551668708739
237 0.6640605953350532 0.9101700327862533 0.39705317394300177
238 0.3795086415254034 0.3737168722815317 0.4849276179806027
239 0.3400474104771256 0.6479828374660297 0.1177060052547938
240 0.7650997058457816 0.5775873171488377 0.019664491742027668
241 0.5986718832362231 0.30177673400153315 0.007631977381855171
242 0.08398448423737381 0.858138958925996 0.6391068111535761
243 0.5008660802990125 0.6713436528501251 0.49727467020116456
244 0.5966537353864416 0.42793837703319215 0.5812255817495052
245 0.9339973250360003 0.9046666799547813 0.08256175432951729
246 0.39754626336478105 0.33165453729421357 0.40491447379436896
247 0.3782526146531493 0.4294248318659547 0.4279051894265816
248 0.9290709226949918 0.41671892981501535 0.8978386497519135
249 0.11238643614696942 0.5130191567192267 0.2937193396387956
250 0.19041326695834737 0.32063845986639883 0.13879254731592228
251 0.7133317960787919 0.7905177143152144 0.12761262505967697
252 0.6120914849193847 0.2789601875648815 0.5799889051319042
253 0.2044060076242612 0.5326339240328016 0.22987426481680662
254 0.16084912674968765 0.7688356638416228 0.47979926717245724
255 0.9029054303821126 0.7737643738026471 0.1198975097856011
256 0.5451642244636138 0.4489905832372679 0.6443079464143766
257 0.7955034635607006 0.580715876994681 0.28496718299243196
258 0.04984466140014043 0.17495693334210938 0.9864353443075874
259 0.19154448116261658 0.4475318123121077 0.1987365192026368
260 0.9830298205762483 0.4802800147490909 0.8398502179290266
261 0.17050759527923276 0.5118599628600329 0.6204366654006853
262 0.5767329711823582 0.8896653549436903 0.5768814196777944
263 0.3185831412139337 0.72714431690112 0.8989074562416919
264 0.054102960647834375 0.18515856927293894 0.7161714287626261
265 0.2765064050467704 0.035533580761498484 0.4863961520706981
266 0.6773336729898476 0.9476941914748078 0.3919247421469819
267 0.4893381617162197 0.79928178798765 0.6225002782031008
268 0.23845328161672363 0.26984350876478824 0.14907790427890266
269 0.630537864877735 0.8702799708749831 0.517674401858031
270 0.3131932757317666 0.1058762835631849 0.6191275023826616
271 0.6619470802110452 0.7719644687368351 0.24508750637792165
272 0.44247926649097924 0.43457945359892347 0.16966881785220245
273 0.7228024004447312 0.4218463119053738 0.6453218823105706
274 0.8137123394346851 0.1735496719076235 0.7028687458048206
275 0.3266935298356698 0.9725796702136056 0.20027640957360648
276 0.16510245633328013 0.21431492537009822 0.5705598223626582
277 0.6511254469429132 0.48474594070725596 0.020328704709475676
278 0.48905019226330004 0.21662349698996852 0.1975116188085997
279 0.4243391737688841 0.6950033959915792 0.23579166383438344
280 0.71481453180451 0.7609422918802583 0.48827551456058627
281 0.7015669429657485 0.6975457912818757 0.4503157997611973
282 0.8434013525651614 0.6761937088057649 0.4397357391009742
283 0.24927930531774511 0.11207334226292975 0.094969162073538
284 0.6420233496449953 0.6340490376325362 0.37798670464850803
285 0.9472004403656447 0.3598198611077953 0.7814678964607727
286 0.08448833195480754 0.3833092223307012 0.43812771279330875
287 0.06326795419575715 0.9411822539105972 0.636427817797876
288 0.7711863264409211 0.7341417435930513 0.8733398983543577
289 0.2098125224507792 0.16399317951697534 0.3004220365499829
290 0.4161703872785264 0.4286231873160188 0.3324461104129752
291 0.45025626191478474 0.12322725809141732 0.7421286415484225
292 0.6886244245704303 0.24913558848243145 0.835177548026103
293 0.49921114910815545 0.8167117132244923 0.36722563103106853
294 0.2796283223395488 0.44934731332133016 0.7411812750009739
295 0.39729557401500637 0.6737844373081776 0.714837452613562
296 0.7943423750791803 0.40702334699750864 0.43046510672140603
297 0.2293057880976438 0.34732297576725557 0.09014846211064287
298 0.32828520797504557 0.3925750768110028 0.2630964898380479
299 0.10936574751551076 0.9040063891905222 0.29709236908358694
300 0.8911624234051749 0.3343529554426822 0.48048441876976866
301 0.30413649432524636 0.13251729081162922 0.3575519398452721
302 0.44037539914343493 0.14140212851766398 0.42425885389736073
303 0.6238085562707653 0.2712736076487273 0.31435994780487087
304 0.2270188681496942 0.5689231164357137 0.2782879176168761
305 0.7249597308929514 0.6962413020740359 0.07930310246781658
306 0.7784582238180668 0.6467567585666429 0.5678875730126411
307 0.7175397089075672 0.036281519038746546 0.17606749189630677
308 0.4042067455761762 0.45255039071716063 0.33962346508287833
309 0.1268890757153397 0.047263227697777244 0.9962065316079886
310 0.630336918713758 0.6726465522898493 0.6765009956708125
311 0.3261711501808324 0.6575029319085124 0.43650652074636775
312 0.5155707208652586 0.9449032907862357 0.9801836719756829
313 0.7084741114092205 0.5466703767394658 0.1678689189311633
314 0.0354868483387516 0.4860954862066369 0.4671408450415926
315 0.11630574690153517 0.28658777535853963 0.6279021216302556
316 0.22065463324370327 0.5361963150236054 0.1492214039074068
317 0.8419802756983129 0.7385381144171015 0.7661068429812725
318 0.9477556966328206 0.24416506260466464 0.8464115183726567
319 0.7029940295991116 0.014891275333378418 0.7062732869880062
320 0.10447913361853345 0.3008733961443626 0.29736394062390625
321 0.9860186865232344 0.24612488401924448 0.69349802975922
322 0.8366665228587586 0.1296355555963199 0.024766120042807982
323 0.3300630795255659 0.8662190478134367 0.5703196055982931
324 0.5245189568500891 0.09062703219446877 0.10498740744620905
325 0.33473689649968363 0.46697780730181326 0.5706678764849409
326 0.7410509008622063 0.8990323911397722 0.29883330073343006
327 0.5204082152079513 0.13712160778483928 0.9670059233567737
328 0.5228023281414454 0.9363395269420446 0.9942671199883878
329 0.38157678153240493 0.9778446874225188 0.820383468660851
330 0.05872566312516092 0.6383052922581165 0.27112783190936307
331 0.20642973948524612 0.34304015589797077 0.9934757312983099
332 0.724776491577874 0.9088126725360165 0.7360882931613951
333 0.30158902522618924 0.5621349279365295 0.8150825718616025
334 0.6359593573911633 0.39764342851357926 0.10295330508752742
335 0.9296818189870559 0.9923947284927642 0.9836038916023084
336 0.06785105162383409 0.3717852239303301 0.5445714833531164
337 0.8031070230270619 0.07267512817331423 0.17089548040210412
338 0.01634607487636308 0.5019963424613011 0.48195341391485913
339 0.42597457233714753 0.8833808809452136 0.7891188554749657
340 0.6661527771173684 0.390382334236152 0.4262489600369006
341 0.45287965274669284 0.4634397978670589 0.4353947105435526
342 0.8861196937677245 0.11975713835945012 0.42496878747841504
343 0.757105662532629 0.04101865425386553 0.17730572467447636
344 0.8584269087435673 0.41537924741253984 0.3571362848011026
345 0.9331966412113525 0.7940920448130059 0.44398911496294624
346 0.28873036229673466 0.20191444307822992 0.7571301667663234
347 0.6216551717966825 0.06856410099004018 0.08096953590950251
348 0.983584819114802 0.9939246062371823 0.08977207861588554
349 0.10083172150878661 0.26113537395121367 0.011561414003340875
350 0.7701711823793513 0.24646023395082728 0.15289061237995316
351 0.2736472975050477 0.9243676214323445 0.05292479344503764
352 0.6095418243821109 0.9679824544563683 0.1345675531298881
353 0.8022677945515679 0.13888086594336269 0.938769538638264
354 0.9657760955672501 0.7569751655693755 0.6728593046274948
355 0.6318059914063419 0.9157004713746351 0.31271305841724095
356 0.492154246382866 0.3267616014214426 0.4077445619046344
357 0.019313625034404036 0.04218766401297269 0.22090954183121247
358 0.9597041621880761 0.762030436056917 0.8057777790215543
359 0.9335389567101017 0.28387016599360426 0.3213224607844135
360 0.18011237566054006 0.5286707781062149 0.11944523116452033
361 0.6026773945376709 0.8665756594115496 0.7376628641120361
362 0.8260743198244656 0.816591867524315 0.3709102634455066
363 0.21248681675237435 0.05093493423841222 0.3431434671878143
364 0.6749527629644609 0.46397178140057826 0.8377648222714559
365 0.33492883864331724 0.08144857329510902 0.9082720244391046
366 0.7503350872728003 0.8082825161857324 0.6968869682931804
367 0.5116080185528648 0.43734189970533965 0.9806545385977475
368 0.8212665091861645 0.5034942768481147 0.6134585068705409
369 0.8551283216454441 0.09160634621667918 0.26439294585863726
370 0.024929102192468022 0.5946448410906341 0.23753636426578173
371 0.1592118435602191 0.4794881993960527 0.8725699707590617
372 0.08814890379872975 0.9819853037577723 0.5584834760679211
373 0.05293046820225833 0.303028609116764 0.4653518011478559
374 0.16188028875780625 0.9158452794526675 0.6889764295097434
375 0.22409837221234685 0.9924969263236566 0.7423856497355773
376 0.6240186185230656 0.5564672204764333 0.8570561423064188
377 0.35930074227623554 0.6032197214181068 0.4573710545243864
378 0.1615452328097391 0.28977372758957454 0.9147368610029512
379 0.32991517079787924 0.49377353134439816 0.7744489177556678
380 0.7817171306036446 0.2960923527988055 0.1100601354959424
381 0.7249226807571207 0.393388982444525 0.28153220569796333
382 0.420552045526725 0.6426740955299851 0.8206038353316062
383 0.5904982336010451 0.8951040673884124 0.0545829218556374
384 0.8710109626695647 0.22916900412365648 0.13137967483326274
385 0.2533139265710387 0.1769981712651757 0.3821611267459253
386 0.5004192407796496 0.1975539197243712 0.44249435447342034
387 0.5402490222790101 0.8599644730184892 0.9514279398044062
388 0.47299058983866227 0.12231458065277057 0.20509866290814316
389 0.9723541392611501 0.8263385350797782 0.9509022374537374
390 0.24103565591149867 0.37249805011309145 0.3579959751558097
391 0.2054504161943298 0.14120802214181194 0.2715259357407602
392 0.7466068753081311 0.6087732406195396 0.34732647443609344
393 0.3219132358180069 0.837478736697677 0.666195721532984
394 0.5701552461933277 0.7835887641022006 0.7197644991233274
395 0.7895483868448152 0.37445564716053426 0.043003084662268765
396 0.03611828073177481 0.18184337841253395 0.8134490251893949
397 0.02387642659693634 0.6408686760337423 0.6055040683173217
398 0.7435377511010066 0.1689508030472746 0.7129049840071608
399 0.48469831704660593 0.4833987037395716 0.3181427439572909
400 0.9144292714063691 0.4267092330388552 0.3893235269280725
401 0.1700764248412161 0.07560158535763317 0.056306149815979145
402 0.9748412595071909 0.34185724498922054 0.5155113892397493
403 0.25557424196335843 0.6318656374271817 0.8696270706140884
404 0.8930982572796335 0.2449017927064412 0.2995339684076156
405 0.151235463422001 0.08794408331008263 0.9550064182746183
406 0.012986562660007306 0.6014212011584763 0.3649543833259996
407 0.6211749965775345 0.7555563435035154 0.21835839557944692
408 0.9052300692221762 0.1386265450980445 0.6203279675402161
409 0.6865544205889804 0.6713123749597093 0.46585664214097733
410 0.5376525492826539 0.2471536463957158 0.7898522763626875
411 0.3526316284173019 0.9296985347768147 0.9436855089094487
412 0.9106967803310624 0.2841846943706219 0.08775307987651648
413 0.7323238445244501 0.5106507011916186 0.2736576486871998
414 0.5887568964056551 0.5135110204197789 0.10361186898563535
415 0.7897449901489176 0.4798195000706039 0.3721548236293871
416 0.040714079693187744 0.22349330284977176 0.6476909173119588
417 0.5353156504176523 0.7612209531810445 0.30242992654648415
418 0.4672979746653124 0.2489926516356219 0.6851007869863445
419 0.95043559814718 0.04335933619471066 0.28324195721928846
420 0.6549681169615313 0.9600491995691507 0.35251716280427714
421 0.7397149064718269 0.5856614167626921 0.28815380300619464
422 0.6217455876396863 0.6493692845490392 0.23121895149048877
423 0.8685827217834905 0.18290542788386843 0.49003825307660054
424 0.09229884112255471 0.2910741729955948 0.8783560025196203
425 0.841471180604587 0.9739164516808243 0.15345808396395
426 0.43236149198704577 0.024990976008977928 0.18904689386357942
427 0.9025209487742982 0.5461387215428767 0.37459097452338186
428 0.08738710779217829 0.9212043842556364 0.7952439037787913
429 0.5001097842347291 0.15939602084643045 0.8137254220868643
430 0.31848104567183244 0.5657520746716566 0.08807728973462392
431 0.5326812033935161 0.7288183566954385 0.9242906048655741
432 0.5934218850171696 0.016856652443151265 0.12021097870675768
433 0.1486380204510116 0.06368287552854235 0.43871848396358215
434 0.7555927085082972 0.5650650264273228 0.03394850998573906
435 0.707613090940276 0.3978797741624689 0.1292280723012318
436 0.16892605761214308 0.2672573957677814 0.8646690142401016
437 0.7415651215650294 0.26059460138624413 0.15317184701214637
438 0.24560990959607443 0.21088509184716275 0.22108054942467237
439 0.5909991712668554 0.5354181512180323 0.736642808890904
440 0.41803510819287415 0.15052979136517497 0.8404034218559059
441 0.9251201271793519 0.5262006954177435 0.1375971428065832
442 0.4140193814172354 0.5621681771690233 0.379052656589588
443 0.8348578491161948 0.2217392852823078 0.7475793301786369
444 0.2910935043639057 0.7421800749360019 0.7502179255129767
445 0.03659746309927525 0.17925658113952658 0.8782608814125051
446 0.9768066728091532 0.0249395749079252 0.5362644490462066
447 0.10552185147651227 0.11726218438174751 0.20593335475755703
448 0.29858331151797834 0.12939965119111008 0.8860752409706143
449 0.41007416721616885 0.8901510872171285 0.06806041535980356
450 0.38836341716738787 0.61342512432115 0.1919663999995067
451 0.32078489077871075 0.987280479416345 0.13988271933648377
452 0.723773852193661 0.13458942927298434 0.5780616146631768
453 0.03755044660948259 0.06342970659607916 0.559770286862726
454 0.5820299438835798 0.6142497491588892 0.4406701338075135
455 0.4227997523374728 0.2714192526341661 0.3062148211806739
456 0.6393661908579685 0.9454875375833466 0.1890212038236606
457 0.923577539508145 0.8651933944968934 0.15801612912353769
458 0.8400020060590709 0.39184326633710587 0.8864978263409762
459 0.816967281923243 0.7810945310653145 0.18385544258297537
460 0.8672650615348146 0.7952342512095636 0.00444536471719903
461 0.43171138273476783 0.734649393497133 0.8602658789808421
462 0.20008081012641177 0.1263633012058143 0.17998630541422522
463 0.5872725598359357 0.33425953580806067 0.43643738213719585
464 0.8226086645627566 0.16470866184509314 0.6521900930599565
465 0.26664585312432976 0.5321526005876263 0.33175528538894106
466 0.9132234543438899 0.8210181756402178 0.9071317437304919
467 0.8925181928937486 0.7660447004336495 0.53999099114313
468 0.48248858173120446 0.7375268427484755 0.33826307397850475
469 0.41480207346812215 0.1157841111423451 0.854520184088323
470 0.975166456582173 0.33285792100025047 0.02116572390440552
471 0.7823208908693678 0.8099710236837481 0.37648361165649724
472 0.18110266167090405 0.09840958274197054 0.3149263593624074
473 0.22259008385133183 0.8341562354871449 0.5888446400255064
474 0.4639672220569476 0.2965936575791247 0.521325430517586
475 0.5617118644198789 0.2649195308079715 0.6912588773682465
476 0.3844272634191127 0.34531892084644467 0.22644813593965096
477 0.6017862529292731 0.3979454290039329 0.02417933334629918
478 0.0010263021798292415 0.5814874335742439 0.5628987629672949
479 0.24988210591515336 0.767378351400977 0.6705932766547219
480 0.5798899099946047 0.13917322118080155 0.8734169433511783
481 0.33685409793135546 0.8025269870936385 0.22511324348672945
482 0.8963818420073453 0.30025095593066153 0.6879769226629092
483 0.7339721604664647 0.28290287104439504 0.9565847593306627
484 0.19147585117293453 0.7320105539119631 0.5874407574562035
485 0.9505024851799511 0.3089586096931244 0.2130239968647143
486 0.8775551110517045 0.33679894965768153 0.2259378804078992
487 0.039522441077152415 0.302997857674864 0.12333853534214478
488 0.485932498988338 0.8183689822310539 0.6487946890615149
489 0.8114281197199759 0.2509325861905455 0.5459255699294145
490 0.3651737221614242 0.8185896913888735 0.10534660504538151
491 0.4059310953067904 0.48254325211216686 0.42944379203407146
492 0.5701092148130942 0.4747588843450835 0.2744404630295547
493 0.73258470299935 0.6521025458327828 0.7573312446271497
494 0.595271607563885 0.38630655031852934 0.2055702472987181
495 0.940725776991219 0.41107086483099564 0.05413872996486602
496 0.6894262848496115 0.7241095198712818 0.7843159485986647
497 0.42593106396445557 0.9689528847923499 0.48911809347596
498 0.7264835056741407 0.48773826162634104 0.0004375187843232986
499 0.056408457592039274 0.8149121361139529 0.6942924615279974
500 0.9915112974999676 0.9006675651335776 0.15474087700965056
501 0.10105465953932669 0.7943678513081974 0.3387463582579907
502 0.27140549494418387 0.8904882333986524 0.0002465926917326611
503 0.8061020929218419 0.14716882832754752 0.7517116846189975
504 0.5639596155377912 0.6482761534812689 0.7871904483006369
505 0.5843087568764427 0.3817721392253476 0.4474219920033534
506 0.07881892040882443 0.9609528401346473 0.4409821531750353
507 0.5136057943813994 0.26380100619498204 0.6439665642218241
508 0.3132663047328601 0.00011049892540282436 0.42524516563944037
509 0.27083169613557034 0.4595209346864675 0.8674012119592057
510 0.13211225069668975 0.5459249251423145 0.3577804103123061
511 0.787269604786591 0.973649083050048 0.9472376075198724
512 0.14323130081158852 0.6859369354152451 0.537617927283092
513 0.9058848288545284 0.7955995160741326 0.7398592159408711
514 0.8418970073249714 0.4328980459171724 0.2015862134710894
515 0.14176763016035177 0.7945273715378879 0.4851803670072923
516 0.0808653995027816 0.45661150795037564 0.31298298970931204
517 0.7253041492950225 0.6294272873064719 0.7014332173674549
518 0.3665702833740425 0.4318697117375154 0.20555408789281882
519 0.08111389541256286 0.12552777098281098 0.17725067371126535
520 0.9336109151042573 0.39189472320852436 0.6037368053642332
521 0.4987520784825472 0.9678211243689019 0.7264049667311545
522 0.6216388294824619 0.4900659401656495 0.6095709396374132
523 0.09432363553561351 0.923235925029577 0.384446882272219
524 0.10672150414970705 0.3015965134878146 0.639723598140303
525 0.3741948244374823 0.2308316403905275 0.6002800069381825
526 0.19553200066744336 0.5176902627758788 0.5070430175620151
527 0.487090246182174 0.701055657440717 0.5925322155624885
528 0.4741308446709773 0.6282431902344424 0.14110327584494753
529 0.5966301562413758 0.42512858089260086 0.10163849317342633
530 0.15037447092378708 0.3108105753199252 0.26662845613836894
531 0.8087261896831349 0.7167229949644551 0.372514473288277
532 0.3833675324153931 0.6161123377677413 0.20348330244287638
533 0.7707937449534299 0.47506565631675535 0.5037792483961455
534 0.38947605532340535 0.9870196186846266 0.5768142224687358
535 0.9479225925427464 0.49768513691036975 0.03718042241132735
536 0.05574238528605446 0.07058844578280343 0.4875557988643646
537 0.09875907455742372 0.38878861302871237 0.28224667568620887
538 0.7275050926210748 0.3248466673654584 0.47890405081083554
539 0.9201454499420466 0.3167086364094557 0.5050980866955919
540 0.028323063924328595 0.7831441678484796 0.046184578217586814
541 0.14621811004831797 0.4377159449157795 0.09292489546080007
542 0.31531070038914033 0.20519919217988203 0.9265775554908983
543 0.8587558506342087 0.5891724697801899 0.012194115780770232
544 0.5144739408717702 0.49278484905521835 0.7774893415815335
545 0.5483756301863079 0.2483195603263343 0.41416001057867036
546 0.3517892503945561 0.09125976560505 0.900482781664299
547 0.7626777207936296 0.6244086154106838 0.3881692682193353
548 0.8522179708766638 0.017789972053189218 0.7418737150016906
549 0.07310140354168349 0.18150225660383457 0.2935628755146841
550 0.670637212683474 0.46148722542327925 0.5056608166681273
551 0.3298921439582634 0.6635496799350404 0.30448114091267486
552 0.7042348617516383 0.7783266002883973 0.03744111660202465
553 0.6071213374308467 0.5054229404155159 0.9274976783527428
554 0.21297106725309378 0.8803705091514011 0.999466165616322
555 0.27968392028562683 0.22265984432255104 0.17756322528667978
556 0.36584759589851457 0.10350312313257337 0.6621765960769853
557 0.5898678298605513 0.9977507660774947 0.0415778885378959
558 0.4378686639724979 0.4034398820322558 0.22673527872314236
559 0.8873996942950231 0.7526621873149562 0.8981761730255371
560 0.25197996511800214 0.06477969087283286 0.14047700039584732
561 0.2108052293091227 0.33083719563818015 0.11254572657210404
562 0.48509552516435117 0.13957067085331265 0.696061090000025
563 0.25666489552143235 0.9454844057868179 0.9915085021315262
564 0.9386257599697139 0.03755781421750293 0.5095205599040272
565 0.6321617724878926 0.9192229452804231 0.3741162905478591
566 0.9948849510028722 0.769249190678303 0.28524836682585564
567 0.1521585053278003 0.7765795103230625 0.6697998841004351
568 0.10021492467254556 0.2448937045840509 0.6918180611771908
569 0.8929077671763233 0.0848059307991973 0.2065270666075366
570 0.535508135597615 0.9296081495108419 0.8388901770243801
571 0.3529315117615257 0.14227841709028932 0.5128339905214916
572 0.6337780019150617 0.9194619542740324 0.7486421536520161
573 0.6542955318499712 0.39585411573412077 0.2639010344040227
574 0.0020762626319118516 0.9730960091915183 0.2849411424629743
575 0.5055880124318736 0.7850638962706822 0.58406960429589
576 0.14296786219624646 0.9031267621535752 0.36420886286739984
577 0.09412745836125913 0.40358060224372205 0.46426615168310303
578 0.005258427100151675 0.8320556605268824 0.702624836847888
579 0.37467777216613174 0.8678332759848575 0.2301136707996586
580 0.23624100829582495 0.35510397136032357 0.5027335603350029
581 0.20636856575737894 0.4402349736181588 0.09256077028399512
582 0.49568949331597645 0.11836007194625275 0.6215452296141661
583 0.9626901693001235 0.403834945686694 0.9746805367414395
584 0.3035592294494337 0.8818458596459149 0.494169968280168
585 0.3592313489380716 0.35106171116717544 0.9218659136936797
586 0.7562301346456071 0.41605752768095294 0.6560221638895437
587 0.6999012764101861 0.35602981688503355 0.8344804119740412
588 0.6785489081130163 0.7375253015811816 0.8284399087674011
589 0.0762767681103147 0.507101369020133 0.8895852517598215
590 0.11091440489767546 0.07992539293945289 0.5374584668865535
591 0.0486323866954711 0.39111390360053355 0.499521684249859
592 0.05623368244245641 0.11716716276091854 0.8431399904574397
593 0.5460056745302618 0.6964986089907879 0.36522043302984464
594 0.018706979481564412 0.4600596383980565 0.9330748991610501
595 0.8349725580964844 0.8519791966715684 0.6614518124989517
596 0.0566655495194055 0.37766667208165716 0.5369534932408843
597 0.16968733367624422 0.7572699658913161 0.08602103718487397
598 0.7406084423386373 0.3521617464252781 0.8365928826802372
599 0.9782403494368073 0.04816410485819067 0.32999714263617064
600 0.907145735804662 0.1549204053642873 0.6526775610860742
601 0.4871864771402441 0.40204140719288806 0.4822046739541668
602 0.7382742510811922 0.8899782913751195 0.3409203518989763
603 0.16131989893496246 0.35072774553285335 0.3855195223118141
604 0.3917157870770367 0.9524488056538664 0.4212659353004521
605 0.37587879563792004 0.7255981867463708 0.4438880664419633
606 0.6448349479091485 0.637596191103891 0.11647832036456995
607 0.51177541815771 0.6574794233576682 0.2737290401881619
608 0.7014450407588415 0.6740827309653512 0.618143220477054
609 0.5618392528845331 0.9496071509749273 0.7856294313214254
610 0.011146656953033296 0.336564339928616 0.06315863523245491
611 0.6210102416636425 0.4418915729041979 0.8041656190700744
612 0.759500138895875 0.9401137948472587 0.6072721549915882
613 0.42468746512263833 0.5104506903562138 0.2404995139092927
614 0.04091001770047509 0.4483764501601337 0.8732409736900224
615 0.3139466201999467 0.19129382471869516 0.9416816947185092
616 0.661338314831249 0.11176110912807968 0.5712386827565218
617 0.2552859268176477 0.36485190538917034 0.7297247863540358
618 0.44516257616947763 0.8979573389734467 0.4999356432968347
619 0.6920615095797689 0.08204101322625423 0.9355060078030277
620 0.933739094349802 0.12962045241715436 0.7343623965503151
621 0.6901693154809706 0.4077369446406224 0.13857932030393139
622 0.626410924232474 0.9373062318574522 0.8270594241760676
623 0.7418017804845294 0.6976863018989037 0.5653177406089529
624 0.9249413418039516 0.4740116276789217 0.7036001341623719
625 0.2845722925598162 0.12035228092078731 0.9969347136598202
626 0.4514448337152198 0.44581195502270665 0.9658475807269706
627 0.15004678680539918 0.30600390482816464 0.36091862005727293
628 0.04162826929738084 0.4619534917907827 0.5369936148400173
629 0.6339269933220298 0.70373517644611 0.025590952912853404
630 0.12140302396371505 0.3697262981877444 0.3720830959196748
631 0.401506195195487 0.5571309565838508 0.485875702665139
632 0.7302839237882341 0.019152701199590227 0.640788006367548
633 0.46163667984053147 0.2765928950744536 0.9906243439922093
634 0.28359436492790835 0.17559965006362888 0.6065643881318933
635 0.6732568832982938 0.5438508813000262 0.28302851469514445
636 0.18104036363737908 0.5091660907193448 0.09366681246850073
637 0.1635574196321702 0.45288926109493366 0.6362134166147796
638 0.914247190207165 0.0983108701072044 0.9962932494320133
639 0.37412376705380823 0.0416710862773374 0.14752943375557726
640 0.6286531646509286 0.2260259509891791 0.16684720922588292
641 0.7244229646368723 0.4488437853023409 0.03792963148902673
642 0.5590177672794208 0.10121080250432057 0.9906485364850636
643 0.7601050424404562 0.9573102542748221 0.7294577004307135
644 0.9118843510572845 0.6459170976773705 0.7275178950922682
645 0.7383174933675856 0.7115305338278669 0.9607743259381966
646 0.5348648398322244 0.6435531320317415 0.714511847393623
647 0.7387259495933103 0.280568203386239 0.5050829321277187
648 0.13727514576528843 0.9975771338829881 0.51371952310294
649 0.1540935234196883 0.8452495576306389 0.7162918416762737
650 0.9252333722678623 0.5224294413441805 0.4124274712535083
651 0.57312437973143 0.5499001794344971 0.1341405605592788
652 0.024070955527994986 0.8434698050944996 0.0339378110687103
653 0.7086607345446945 0.1782008609563971 0.7225594397488382
654 0.16350371350868298 0.42630335477920656 0.77954182428895
655 0.6337391767257523 0.95510976036214 0.9396714088774325
656 0.6886921258688378 0.25804423567507007 0.21248094785672245
657 0.9891194153847529 0.25379613092489084 0.7556127301654728
658 0.6827798179498309 0.6017629180743526 0.7853455788910317
659 0.2413853631705386 0.44839529833564473 0.6922794202915993
660 0.6744077585732409 0.4331262009179123 0.7397285437913715
661 0.4260915468251477 0.46290370972207573 0.14207902162303432
662 0.051326604301773826 0.8430044521258433 0.46987510894076245
663 0.9346516667091493 0.17704633721764507 0.007783990067297131
664 0.5050688329527045 0.7648715218956332 0.48555701370553406
665 0.450459909246944 0.26583912452370795 0.02233876155365444
666 0.31141402782856187 0.8097996681685076 0.11753231965799915
667 0.8818450626204694 0.557106541521381 0.6884141792264687
668 0.012922974474177229 0.6292344071250898 0.11264539062581391
669 0.898883834794821 0.9763517789861347 0.9383100969068332
670 0.03668079818473691 0.6414583000908795 0.9359336930675096
671 0.34289541035067483 0.8657942303692324 0.44461709695983853
672 0.2935313694381233 0.9457878190572568 0.6166877450509434
673 0.4574220564714987 0.6305160382158742 0.41864354795330694
674 0.03731572445095488 0.5697260416249366 0.6905621777692751
675 0.6860337050137117 0.9845755505497737 0.24824604568830655
676 0.8940318769008844 0.8063303099302811 0.7074801801708903
677 0.1885524488937883 0.5434390457970638 0.14058075364460365
678 0.43836474653143487 0.593421599970822 0.9956881343932126
679 0.1826518847406592 0.8946012435978843 0.9244795447035152
680 0.9814665043881188 0.20922649605951993 0.8479281731791494
681 0.13768339941241003 0.7859714189066273 0.9483758493691158
682 0.17642766717651226 0.7382329013938471 0.065079498275051
683 0.22880195443662343 0.1189478898654388 0.057910464924410765
684 0.026877279979337865 0.8058402724514279 0.5879188576678979
685 0.9576340646241872 0.6033884060877116 0.9441678465221096
686 0.1558229777179162 0.3020546050072934 0.7844056917061164
687 0.07846336215154437 0.5183756350477318 0.5495630818750565
688 0.1292662238688851 0.45951081223772905 0.3691348399656109
689 0.5300204253409289 0.12676540388110047 0.4438030923388103
690 0.4979837023825604 0.8713907285794639 0.7932529232747714
691 0.8604129733682494 0.8966247386564884 0.589852631373221
692 0.13323823350528297 0.07113077589638328 0.5122889235447561
693 0.8115942132475216 0.6619836615691611 0.12570100798573935
694 0.13435318002108254 0.8851616005766223 0.9606500735622022
695 0.7120677987743922 0.20034368153101345 0.2816117514803018
696 0.7510152178712223 0.23151513781200417 0.5835649828754278
697 0.22864751614022938 0.19078545161268412 0.42681655733599133
698 0.4405392664843468 0.8758667809739963 0.34991236397005365
699 0.6181591651441297 0.5594314152153039 0.8230858280987745
700 0.7738767966430846 0.03529596006849467 0.5338501360592416
701 0.5166027115661388 0.06368590587904055 0.8275891209436061
702 0.9593118361745269 0.7330830032665198 0.25815086384238506
703 0.819134685068345 0.7558568494492202 0.9546931611024543
704 0.6888726153936594 0.8263326535627524 0.29697185051099995
705 0.08622461817861693 0.6552106918743988 0.34023571718448953
706 0.6919032478296608 0.4511182182672284 0.6909721018254865
707 0.7688556274598471 0.6799654011872012 0.5696945403621052
708 0.6768885289800486 0.40987148767294446 0.14859318607403316
709 0.2851546569729101 0.3132195569144963 0.8766202925981866
710 0.07078710876731509 0.6623127362369285 0.7062633131267488
711 0.8439748071228802 0.013860237692219002 0.8189920595296668
712 0.08317574918623705 0.33286318012217464 0.16699214042570643
713 0.07862840243282654 0.4271858040864932 0.2524104426790613
714 0.6997688767867641 0.5874291215542388 0.5247469976458098
715 0.09637292199161085 0.21217806319003174 0.1741683697815145
716 0.12426785222125158 0.46182655933554617 0.20526818577780592
717 0.4293739630755534 0.8016078133058203 0.8527077528493621
718 0.37357738266470153 0.8578564525388146 0.3063643314497324
719 0.791970228486033 0.9003392855524176 0.9389523793929293
720 0.18962866059579842 0.5524987285847746 0.05945311693839095
721 0.7909102659384669 0.6452563677097876 0.72133818464927
722 0.4030321646801551 0.19268170279912933 0.22281484787781702
723 0.7724221494927495 0.38032634940371957 0.31500372978911295
724 0.5476454754165067 0.33265870036570433 0.5535992668110091
725 0.20267400030434157 0.9468532861735952 0.42370020320745483
726 0.7352173042078085 0.9123250039544595 0.0008476566961956866
727 0.7589513871871738 0.3660625367585879 0.7748135251542715
728 0.45390326900172806 0.37238527719536485 0.9481625688099741
729 0.42051051678186313 0.3245760501004895 0.9547193120770656
730 0.1397977981942643 0.8073080975675008 0.4404287827144452
731 0.22278037523504224 0.28761877476773645 0.5884091057767005
732 0.7711757287567551 0.337185798202163 0.6471236640745371
733 0.21060553398021276 0.40798219537356595 0.7230320272671957
734 0.41604634558510545 0.9956784047754724 0.19013728269405183
735 0.15422068316295667 0.8241446575944071 0.6736659586862823
736 0.44298123559093316 0.48443471426025586 0.36609606483194834
737 0.7224077063705077 0.6748888017383851 0.5458332125734475
738 0.20610436424271716 0.45541485635295487 0.4613304310557583
739 0.17700187035348547 0.22564218532767466 0.7876541082626926
740 0.19063744269358607 0.326780414868033 0.9875463714032036
741 0.34356151456298656 0.3536343968288357 0.3821095082202861
742 0.13251478883604606 0.5849835473345312 0.4923536868351116
743 0.458475295879168 0.4432700985843826 0.44491413516442546
744 0.326593437032774 0.37127753817629017 0.9529244624331278
745 0.8737413803989943 0.7563250773996268 0.5990709423387739
746 0.1705472770623052 0.008608087813389287 0.05423443795111971
747 0.8323640339027215 0.12790617356137557 0.8522057828250255
748 0.9748529806816625 0.9315036249022071 0.11604529080139259
749 0.042519380557779485 0.7961302307980608 0.967223387573704
750 0.8630468133830709 0.10756428989691524 0.9189029803486585
751 0.5080781455641883 0.1308304163817645 0.9185547902584411
752 0.8126547270350705 0.24478401636245717 0.6921360485651927
753 0.04845157371616293 0.6737556388774728 0.7534026508404221
754 0.9866535550285791 0.6896245015472168 0.9529613228191006
755 0.3818918996648468 0.7938117408215487 0.2350916890520689
756 0.11864666276146996 0.5973262059875113 0.8211323305555924
757 0.9491933758547093 0.8680478594581447 0.6480804404115408
758 0.4550321006463184 0.23660643464023934 0.22584798138065
759 0.43314797363074986 0.31991776726451127 0.2403156198974814
760 0.8914050034083635 0.07868598091574286 0.18860228926715628
761 0.6689104263410508 0.7651696871649077 0.14726675828015412
762 0.43164557049870433 0.9497072587244415 0.6621897724625811
763 0.5598959482620054 0.14642577374997823 0.9121854271648524
764 0.811327468115499 0.8506197114203101 0.8030740894286841
765 0.6208867435053436 0.05876904912222536 0.6927167762982217
766 0.13425039758805601 0.35845763864724867 0.48718747894072645
767 0.4950800094517852 0.43465861066600464 0.6587598465588216
768 0.4656748698739912 0.19088948869183497 0.35191516752409713
769 0.6175000837303131 0.3631407924499004 0.46279065315762147
770 0.6926096895229336 0.15454944209950483 0.11962529232404773
771 0.2645337062568507 0.8014867090378422 0.44077464528730026
772 0.4477312276930715 0.020669155857420463 0.016734532702682325
773 0.04586100291440176 0.25857281115082875 0.21278141273850426
774 0.6943202014730588 0.8824639299542556 0.9933867440582709
775 0.4189100690444503 0.3166311284895762 0.556819852494815
776 0.13059590050529957 0.007872637618063894 0.4437605426952216
777 0.33943223129127054 0.9216961399089306 0.5930434649868602
778 0.2997021427320148 0.8722786748475847 0.9307249570285427
779 0.7849351423339858 0.5949870865542055 0.30361212430454987
780 0.7504305833234326 0.24654472353545986 0.19744345749787962
781 0.4310330525890679 0.20052605970761206 0.7362417660225581
782 0.7788804108657202 0.6166071900315512 0.8987003100043132
783 0.8960892587179407 0.22126196759884087 0.9926488900186033
784 0.763376648626325 0.37564106878885595 0.4386881036969449
785 0.29703357009250586 0.47367208978816344 0.44227451304426135
786 0.2563262674991684 0.9012130054934006 0.984493351863157
787 0.09134018990268922 0.4500605414815586 0.6262686521461187
788 0.9666513643424041 0.371832704254884 0.9908364615203654
789 0.07175069043765725 0.9584239120860368 0.746210549696028
790 0.209157851882245 0.7810700112041948 0.6900669153575206
791 0.5689660093797505 0.7034623024511124 0.2405489164122816
792 0.4715945336614523 0.33977627673821886 0.732123532710622
793 0.8810381002123013 0.44203024527048795 0.6125474897896968
794 0.975705854102372 0.027884340445276212 0.6721152173341931
795 0.09669743766577865 0.05911168444820014 0.7340582033885786
796 0.7563417189892385 0.6998260619018247 0.2715684674797556
797 0.3195226425678134 0.1737870550660655 0.4842441966037173
798 0.6491859738209448 0.4423450402845792 0.34619293948268415
799 0.8215325363449234 0.06722107280370426 0.5346549244323927
800 0.8710709925144451 0.5966174309398783 0.5826268463040634
801 0.20257117277314685 0.35777454245225204 0.9339382863260608
802 0.8780880406972861 0.8475041581248038 0.5128793091302689
803 0.32869482833268837 0.9575922525178676 0.20783934810808924
804 0.2858406799254005 0.7645629156536186 0.7804996403435482
805 0.7470792345416294 0.5782771218308961 0.7380190737857206
806 0.3251054131623329 0.8633987829468691 0.5654933819460626
807 0.7020199599648242 0.13395597015082306 0.3313217630202354
808 0.9468394502561603 0.6389167488661615 0.10861095183451763
809 0.5495058418957667 0.07450729368010633 0.9499214521782787
810 0.6175153099606018 0.6270003038824528 0.7834846151996345
811 0.8029245374145522 0.16565154952433692 0.19330195498168934
812 0.41011597880451456 0.15727982791082817 0.5466400985643376
813 0.8408225864631153 0.5678614364963858 0.8127673523256377
814 0.5709511918663445 0.17935911490476764 0.47472905695654255
815 0.7995934030356423 0.4514749140130524 0.37277501855361095
816 0.8205701071550248 0.060155819470149696 0.18463159691282804
817 0.9459021615274773 0.899339162583116 0.0010468193949472182
818 0.7050925687620481 0.49415537515657415 0.9229419368700361
819 0.22882481644968233 0.13330478713440364 0.6687005066153038
820 0.8384313453220962 0.6563915827641235 0.5909271408579083
821 0.8438062696484805 0.6918027803511089 0.7940369270919133
822 0.5917997944722526 0.351214365927185 0.22758486499917552
823 0.24990242928668394 0.6648591586965227 0.9848436359256428
824 0.2914724181323455 0.9304580439874109 0.14530582012177973
825 0.1066654702476878 0.7116151144379167 0.07495927029027594
826 0.006457343401213622 0.11392588590474073 0.43403239051520903
827 0.11623992557628782 0.8480444170484124 0.7364083514277371
828 0.01390929617868042 0.5004428527256468 0.8886885125592024
829 0.572055083718473 0.04198721982511622 0.8106281214007783
830 0.384580471677626 0.06281237051134714 0.35304410319755086
831 0.3076195296862805 0.13311035658011572 0.5576343537037768
832 0.5497923675014393 0.7628160596145802 0.36435849377119145
833 0.3513565972791005 0.20588192987924725 0.9095758948130677
834 0.9665594244112728 0.04560153163235825 0.3469550795514337
835 0.41385232408199124 0.4564058388644012 0.14742521494952943
836 0.830502169516512 0.3693995911838762 0.01494337119359579
837 0.6030323329506656 0.249592213575893 0.22710925958449335
838 0.9381450575596924 0.6225811870127217 0.6749507987966633
839 0.686558842090511 0.677516339242295 0.9461717497138528
840 0.8741443948865698 0.16081765478117394 0.7060127957810692
841 0.23635217544916376 0.6649377483730005 0.20835673536437893
842 0.29240369951485656 0.07332468457120112 0.49954456178627393
843 0.9307146849014772 0.15691340180200097 0.6653700345357598
844 0.21709611254163141 0.839459552232778 0.728058712134232
845 0.43657114629356 0.49987534693173796 0.6867343131262483
846 0.8885999309615361 0.19818998158041123 0.046125368016755375
847 0.4403785934462162 0.9950782965544435 0.3975502070965454
848 0.6015937763867424 0.42934668940298537 0.4288215352925816
849 0.006878447414345734 0.7955400240332006 0.8954317395710015
850 0.5036175603927358 0.40391870219730897 0.7526818619414584
851 0.15822907972017153 0.1296143298738176 0.09493120886402251
852 0.5725348311707492 0.09186805368380391 0.45018874603267467
853 0.6459602768631726 0.6413518935958226 0.045355166598034624
854 0.3873283911623916 0.25491894802294457 0.4008047921201826
855 0.8587008757344625 0.5631139892252187 0.03270502842307832
856 0.870154972536773 0.7550713447364316 0.7733867909265998
857 0.19710534793293366 0.38020753547563424 0.21676266245789577
858 0.4271984552558068 0.5903410875156379 0.6362962841801246
859 0.8430694186387311 0.0007989336785375611 0.07478575129409026
860 0.3099766820347236 0.34413712326372425 0.9066304800788048
861 0.39369505403240723 0.45080234169121414 0.8728056597733014
862 0.4851882342685878 0.24524914182411872 0.9356286900431169
863 0.13435300147852203 0.5388365716348736 0.4837235385556258
864 0.5157410050358763 0.30365470445780407 0.3150169549529507
865 0.8851917877125516 0.9569551082774213 0.5420618221981087
866 0.07076015452374151 0.008958541029102984 0.046919584026255956
867 0.9198817801077475 0.22610979991070557 0.8352566678330345
868 0.3292174744797556 0.23819706692248077 0.9299156429263096
869 0.42841777311662554 0.5412673352314116 0.9007708070573119
870 0.19259137756087796 0.2917889440856868 0.7672621412844765
871 0.6362720815993278 0.09496732180786271 0.7285852921601691
872 0.16888954336316786 0.3106665612578319 0.14776843441567977
873 0.44846775596516086 0.9247654975717657 0.3093037473843594
874 0.5803932111842143 0.12788600080321622 0.8235491244518975
875 0.49971398153972946 0.11448516528561836 0.8026268190621588
876 0.39291307121508634 0.09599919201576557 0.8154728352929114
877 0.4083612017375392 0.12014326584745705 0.5244867101242809
878 0.9687380267057096 0.2033986401644594 0.8190857379933365
879 0.26632105099075876 0.2628925785144586 0.2994179295775158
880 0.34898025725743187 0.9664194532946354 0.913932477150639
881 0.44907146558862876 0.7493950390454661 0.6588534270688566
882 0.5076030129707884 0.4742959350963756 0.999495416123423
883 0.9820907745709601 0.08206584578005371 0.9003428035310863
884 0.3221322881352333 0.11416615551474707 0.16338706576096196
885 0.9321470446960559 0.6883050858637259 0.9421858596697247
886 0.7510696895540241 0.1418659244339625 0.6333527035501259
887 0.17661693625252828 0.9354773924275611 0.7048974332623648
888 0.42077331980958743 0.5650698698860245 0.45484554759172036
889 0.996213694212994 0.051693839266673036 0.6005948082790349
890 0.694013673189193 0.6017986831777306 0.31014078851367777
891 0.8492841336248103 0.3546352760304181 0.933726589807808
892 0.11341373621922579 0.8142209216399903 0.7016197827099456
893 0.9583472596262779 0.5129858078627694 0.5027693973047102
894 0.40273200890100935 0.8163767357698334 0.3549250785064315
895 0.4901975209935735 0.9032425721839346 0.7262431336370688
896 0.5046188654203652 0.7914422429826571 0.2718051541682247
897 0.32975371137299736 0.7680832152142063 0.9436845104486218
898 0.9445886495683629 0.2079124199139475 0.3322343114705333
899 0.48301100156574894 0.6466109814267859 0.43171796631321835
900 0.309336677304036 0.6912953368463342 0.07066007272919828
901 0.43721382410663445 0.8664836306055017 0.48557332916087037
902 0.27303066445355195 0.8594628911676679 0.7908679058846152
903 0.5602495793193254 0.3362088055215102 0.764168293657984
904 0.41774131236426415 0.3258519401867831 0.8498769944364218
905 0.7074402880449541 0.5196330443654084 0.8515229669156511
906 0.39406326956812543 0.2531925257972055 0.7665777842401901
907 0.4622747136200336 0.8991705608721449 0.1776606062292303
908 0.00980041543109067 0.8779245331903949 0.8065680036199783
909 0.7005608203218611 0.5849882449630113 0.2919287761888931
910 0.11800951737846888 0.1890080427213917 0.025471158796080084
911 0.21980645402173937 0.39757331490035674 0.46009609184486533
912 0.7134431073600421 0.6631960600839767 0.7453403496166442
913 0.011462137543814865 0.8561182827197217 0.797115279423301
914 0.9881688260772696 0.2870307431498712 0.29888645570779515
915 0.4757503087013376 0.34689453908504664 0.4639395330597802
916 0.7060605520050784 0.8990868009091776 0.7043965141709958
917 0.6456188301926741 0.48722895795879373 0.575841876090034
918 0.6650441165104634 0.043743168606841465 0.9594219966214078
919 0.08228495126405633 0.5970569664409155 0.5907968464095715
920 0.8316262150814655 0.330585790756722 0.1763191451184437
921 0.33817452718105623 0.6655295036640148 0.5050247537900189
922 0.759556471558826 0.5858845637152136 0.48734720314726854
923 0.9141836633869732 0.04747455426071767 0.195734342948921
924 0.7991004791142196 0.07775413803021869 0.04600642042691405
925 0.11837251866852816 0.9223862554910889 0.05743413400254449
926 0.6086961516733416 0.8679348501531672 0.3018955879860168
927 0.7186698427317088 0.5137568690031826 0.46438833642051647
928 0.8224664887978168 0.5769233349814412 0.43969745598100785
929 0.8443153346500136 0.5770360806845172 0.9821439840336723
930 0.2571785718172347 0.23238609780971986 0.40589735406959704
931 0.46471071056414837 0.4426006849919072 0.46078205785329784
932 0.09341638083662718 0.5617038803731527 0.01680568622736145
933 0.9683016766891641 0.36792184338518785 0.5877083192375531
934 0.3526028297342273 0.12341425355544178 0.775165988532228
935 0.4446761042111813 0.9247484362219459 0.5800714660879022
936 0.4280494753519304 0.632214519195726 0.4157683195603268
937 0.1466905074369248 0.48402897230193176 0.7009968101974814
938 0.2924850563974589 0.4044123786072733 0.7881831101671801
939 0.831134155588593 0.7952546710179074 0.5031278722095806
940 0.8370033151994611 0.38652578505481794 0.6900898341656165
941 0.5070249903247053 0.6983832103130616 0.5185998472049891
942 0.06811718098262154 0.8548567583881892 0.945794004347221
943 0.3220257877543886 0.06907366153506833 0.9889776678855307
944 0.49818175923344743 0.33767495496872 0.43770447072660945
945 0.787231696540025 0.8377304476989038 0.14443811966292153
946 0.2717732679500371 0.21853644988400267 0.4461424475887993
947 0.38450918603624074 0.15476752987034637 0.7176859270170506
948 0.16701738802136934 0.3198370926201827 0.9479567268140381
949 0.8525250315443846 0.6310272229995015 0.042832441884518624
950 0.13713794680397196 0.8718445471886009 0.49071059997010724
951 0.08463134769398806 0.815903675965894 0.15782551656278376
952 0.8489306069312125 0.1616914270804629 0.7266201762938712
953 0.48894661320770394 0.7889516081170392 0.4033734127879183
954 0.512112687486682 0.07236290135761869 0.2347056367790198
955 0.7528844386915112 0.4082969093525721 0.4131121625804842
956 0.6110016216010727 0.7489457311950424 0.15620235837771856
957 0.81503843321101 0.907614849413235 0.9776908409105994
958 0.42188570418094895 0.7828014384570472 0.72133755809026
959 0.784804889900171 0.31805657722641445 0.2527169648972809
960 0.2461379331224658 0.5744967498270255 0.3862042815441411
961 0.5078447457473656 0.10262330753742854 0.8825846854495194
962 0.3375224066935253 0.5843500272542492 0.9306654670190146
963 0.1353950668227517 0.35913792824312796 0.885368732227895
964 0.2381183988281097 0.6056076621665399 0.08519587940096407
965 0.2717254055380257 0.6674343154482911 0.766453790308021
966 0.15386353141303288 0.6184962880148722 0.8640721125352478
967 0.7792597098149028 0.9536207044924822 0.4096669765896266
968 0.8000013924130595 0.3494640139923475 0.6752751116220037
969 0.9486781127517027 0.5679267567338192 0.6171688388232639
970 0.6013617355355211 0.46363470127856055 0.8465991167018171
971 0.4029159737828226 0.6064324443504451 0.7643686818960881
972 0.9643772906786995 0.24373736894859133 0.3588137946303719
973 0.060004669815430955 0.44146835102987536 0.09751022805756127
974 0.5377445675066617 0.5446203161815493 0.8700529060345181
975 0.5629763763250984 0.30744316182391485 0.9205716580551806
976 0.5147818611592146 0.7767053298602021 0.5479967951511769
977 0.03610790987895118 0.8962131562282971 0.18474179295024484
978 0.004888079091703745 0.22395044464133596 0.334406952753619
979 0.8038426649951567 0.13131381212546478 0.37548283900369095
980 0.41043021477606734 0.10009097258427357 0.14190402212641817
981 0.5752773022243013 0.04658756674002207 0.9121369500600539
982 0.34656097978398825 0.2741275175692005 0.24689634735875965
983 0.7892295321047703 0.5060758778135483 0.3202158098968091
984 0.2926780915613941 0.8723026578775063 0.6278187024759128
985 0.4529514589977829 0.2764001816688265 0.2986989559860833
986 0.6194396820432085 0.3559869377584467 0.4985665702387766
987 0.24304306059146674 0.9320386409938857 0.1362779343151289
988 0.951257112749147 0.7230761349792647 0.8657584775283633
989 0.3306441806464706 0.7831189622682331 0.8786028294836593
990 0.5811782774784523 0.8784283973936864 0.8253012289373753
991 0.8117842137502698 0.12473525680674946 0.5234660592170834
992 0.5595905697223348 0.38091769719811686 0.5151416056360493
993 0.17309491527313525 0.45300804322223875 0.6957533896012056
994 0.4907326737180149 0.4669291371617431 0.6303378552752673
995 0.3638469610507661 0.06746797937964921 0.9641827294202108
996 0.6054687118270071 0.491585281036096 0.9919201271766924
997 0.12744306700355745 0.7482182510721411 0.2904204247911738
998 0.9913760442967532 0.9886045143323691 0.1769785754219143
999 0.25003828704803666 0.39653925475235663 0.8142411658481289
1000 0.04830255616416779 0.5492271454317611 0.7957709593158507
0.2