1 0.25274640654321245 0.005711086210423044 0.7522723048257305
2 0.9074518053118015 0.5343668529560599 0.4057928276233249
3 0.19383504012678066 0.24091611674455915 0.6754997764564836
4 0.3044348188096877 0.7400539123439466 0.3261664618749769
5 0.28761934182687987 0.6884201722310224 0.6418862652069738
6 0.4147233107964694 0.21979660608439777 0.10614073612154817
7 0.14692876442593694 0.35305346004098703 0.6981736318888436
8 0.6885309955331365 0.6787194264615323 0.07089787217075316
9 0.22313378470538436 0.733457593023253 0.6140133966668097
10 0.9598986138759835 0.2672269661701029 0.4474559630385403
11 0.8861535454345201 0.09053663637666265 0.22026020342380404
12 0.015777347708993195 0.44447925011636447 0.0043159102323254706
13 0.36884415743069565 0.9531353749552034 0.8301460338313946
14 0.30587361465463214 0.8883979238318833 0.9128516907159683
15 0.188846480558155 0.5707653178167197 0.8217758556829323
16 0.6620702738459926 0.9494449663514583 0.2742791448083649
17 0.49380214832107616 0.7258088090618706 0.28160693189213115
18 0.49434747992892647 0.1853352157539856 0.3455721866019399
19 0.04570853790233542 0.12177030232524855 0.5557672657198459
20 0.34146513560130476 0.8714522959548582 0.02416819376715995
21 0.6509412419121008 0.48497621670654556 0.3623162377939533
22 0.39272748250653644 0.9998683217531424 0.137993313216634
23 0.07340694915203727 0.8408751022793686 0.6371597882674814
24 0.21785553943935043 0.9704206726499309 0.5123020998289078
25 0.7790026758571065 0.9614511031113105 0.6688406530861292
26 0.6760521581895196 0.773729639810096 0.44624551112188104
27 0.6697922139633535 0.2031861846778087 0.7409980019160934
28 0.8197542628174022 0.6755440408388174 0.11300893944055146
29 0.2931611080457823 0.8498469832269544 0.7454316710165132
30 0.21330460580705224 0.35307925363000514 0.9167355667007507
31 0.993136521976399 0.32295465815805224 0.0984773983612165
32 0.9345351386504245 0.0029406833399960863 0.33178745335353665
33 0.862185225038325 0.6207995353714241 0.5779447859899046
34 0.4675620523568732 0.659952629309112 0.08589651266605858
35 0.786046984800444 0.661889316962048 0.31911337120395256
36 0.4437304950444032 0.7450589869973335 0.04161560116859864
37 0.029031184196758764 0.9644921123247303 0.5432801658118213
38 0.6146888487488471 0.7404929500608847 0.7889068492650121
39 0.3587724451453721 0.06115465717986046 0.5553477706197468
40 0.806461631731384 0.15172643087000404 0.6882196663124006
41 0.10264310422241463 0.6437707287873562 0.8985282055749777
42 0.4724576730653782 0.24561512769364513 0.7747765765497918
43 0.1331569387619106 0.5867962283768735 0.4639749810916498
44 0.4169034855158996 0.5246714894837199 0.4262344923747353
45 0.01620580527796145 0.8272505696845809 0.6506393029301183
46 0.4597839837787798 0.4599139919958196 0.8749821881974017
47 0.8867464786741677 0.5566725259755474 0.7348425733583047
48 0.4789841807661612 0.6564668073490386 0.46091867856843993
49 0.35721551263516993 0.07783026788115643 0.09407216221879522
50 0.3894290439659527 0.12869232114974616 0.9721234234631742
51 0.4618353008535985 0.6683965359592181 0.3508249522896021
52 0.3377773521747762 0.6363761667288802 0.0692413732441195
53 0.5942034032080984 0.9598698250770988 0.9306453697449099
54 0.9261319874901544 0.4712866283596957 0.07013752478486535
55 0.5973332078161728 0.940009856951133 0.29245061908690295
56 0.7453872942434874 0.9888116133081395 0.4942277623717387
57 0.6268749579152023 0.13403668095098198 0.8580625883572209
58 0.3587255582049499 0.11188527287755357 0.025110871181581285
59 0.3158930554258289 0.9719976959275054 0.13596612705956712
60 0.6050480311174682 0.2498229829270454 0.8235517416904846
61 0.9142477088048414 0.5183345411914742 0.6178548325211973
62 0.32244298870091825 0.569873926314429 0.05348414820213221
63 0.5057198261443591 0.20992117465509685 0.4975941834407175
64 0.5597612882826444 0.7286976398868075 0.9802683825917472
65 0.04376122342018696 0.8101306460108696 0.46366035057451194
66 0.35798308829539904 0.7379273769957838 0.7890637884046143
67 0.5631980676470684 0.23000328806544978 0.24196142028205148
68 0.27105424271200296 0.9183110742653392 0.1503406262173118
69 0.7965311661156728 0.09121222112392868 0.7852484655822761
70 0.9051079143625741 0.6203545406441292 0.6627799252887979
71 0.361791759562029 0.3720986648095367 0.3031263553895017
72 0.4151428532217166 0.2284434248760565 0.4729295608861661
73 0.9186183783014744 0.8720167138493383 0.563504982142189
74 0.13373875255540935 0.4799947508831911 0.6419304893891749
75 0.8631412115408295 0.28309724163335337 0.0363722742009297
76 0.8355256903563436 0.15988434397184081 0.15475775230255062
77 0.3077520491287363 0.6314909569679507 0.8895103399516572
78 0.3811856984675951 0.8663961008919914 0.8840137364527114
79 0.4039041860605723 0.09660877380264665 0.4139730491912851
80 0.7268880803093071 0.3255620887060733 0.014735928200622306
81 0.7522722491366232 0.5578795108958666 0.5134346908563646
82 0.7962543717219348 0.9808582408955528 0.9280969537918969
83 0.7382764536161586 0.08939287417985553 0.7854949703241848
84 0.6177458487699764 0.8010398725791354 0.5625469260794834
85 0.741074343545263 0.5368384469226203 0.3166765226302275
86 0.3805664819311674 0.5256223398469086 0.5389578831133124
87 0.5511896307150361 0.004064445436628428 0.44597017117264115
88 0.773144562508047 0.30849256477144094 0.050144574153318855
89 0.9887811324379739 0.1259631005182924 0.963261943313579
90 0.29982890840490006 0.08649257353713402 0.9023438922772076
91 0.31461653367385145 0.6032650698438903 0.9302450798399547
92 0.38816479484919986 0.7814759823359894 0.8257214737155455
93 0.47964882780036744 0.2513459852409292 0.7673376106678743
94 0.1985991911431676 0.6632688461994009 0.3666708646332688
95 0.830376089739213 0.27968437049594475 0.2675686826292051
96 0.17562012552778217 0.8043326464848041 0.11190942766455536
97 0.5116183904341068 0.941433619712984 0.552205314788576
98 0.38686711537119167 0.7198529638613065 0.6103047580902423
99 0.6312144383471677 0.40153273769552345 0.01677401259882716
100 0.6699058994812638 0.044974101436945246 0.5372001617729586
101 0.09708632781750026 0.23035124709285182 0.9692522395261032
102 0.8860316542223822 0.9280997052805081 0.2834980886119426
103 0.8890709760234824 0.6900495628575458 0.1843424514518892
104 0.304767355295268 0.6439884575140269 0.8369762753026211
105 0.15876326109005912 0.36529137317069504 0.8376334580414747
106 0.8807561855487921 0.9052269291085253 0.16440781876429855
107 0.01051741913442017 0.9353614872069426 0.7164738664911324
108 0.6187359817902116 0.8664860903965521 0.9764532172171934
109 0.6587429335452953 0.08160036266547066 0.808078549483719
110 0.5306239233743373 0.775667356974639 0.6366074167975491
111 0.8818366043805537 0.1972685127163355 0.5459456665908968
112 0.16175150005403205 0.33389625733335104 0.24409360752224563
113 0.6556843257495846 0.784993070613905 0.17369748207459612
114 0.9266244995319405 0.050808897203009296 0.6023878864571199
115 0.7146532211040006 0.3375631136487057 0.1613204337219586
116 0.9451544874312474 0.3479148083582909 0.7219428928451338
117 0.48521341735815127 0.5642427456228994 0.44394827432080286
118 0.9850296665820607 0.7189282383048174 0.3236746361260425
119 0.8287635113604643 0.05757657324601673 0.5772310053516047
120 0.5333977534777997 0.286184513897646 0.3521943491814885
121 0.9603542202524445 0.6058430764170032 0.8867200623973096
122 0.2897484145195933 0.6299762218010581 0.1123946003492482
123 0.767962277005449 0.4320827199614008 0.6723965349506889
124 0.2935809821842228 0.9500475562441691 0.783256444224342
125 0.4900247411051599 0.9840787687007202 0.8073822705478291
126 0.21227309207556866 0.20780234704192468 0.4081511786384505
127 0.5917064749097719 0.8983995355684175 0.35815751771782844
128 0.896446286208131 0.27368712725092603 0.8169183070928362
129 0.038409823278565125 0.34604392655556004 0.4245742810656995
130 0.9065434537449495 0.3776495039860822 0.692305060033007
131 0.5262972941531776 0.4211219590512344 0.5280758637567359
132 0.4696463508993648 0.6058508269187511 0.6467264999675312
133 0.5052860668428845 0.44242594924450884 0.006562487070048251
134 0.0006764411905426648 0.29195407273647 0.4645299076796281
135 0.13981581461616133 0.39815543747152427 0.8965202110682041
136 0.7235345051239173 0.8133375907480236 0.6052012599235873
137 0.013846456670367102 0.09602211464897203 0.47983587838076425
138 0.7063109647494099 0.1556570314771637 0.9328464408783194
139 0.5950543752011765 0.06349930740791532 0.3435862999206065
140 0.9153069440364865 0.1410139040048638 0.12536271834685064
141 0.20178580256608836 0.340838191614372 0.11180222564313724
142 0.43081922828259434 0.324804966285125 0.15297038428232068
143 0.7145743588016822 0.43251384384806335 0.3064117253090407
144 0.23564069938001364 0.4363099283342996 0.7234039387837746
145 0.7504748228574639 0.9299561243243295 0.9413761895042396
146 0.3143603796170398 0.4503689661129062 0.05355229987820542
147 0.7584031237938726 0.43309639846336 0.22091671954801517
148 0.48980442922903644 0.7849344793944718 0.3408737980022005
149 0.47769286859668136 0.14710355707100964 0.1918535755244799
150 0.538165455140619 0.3121072706720245 0.6535864337438702
151 0.6399090631850043 0.9802435934811199 0.9528093977251689
152 0.2900622863192325 0.11562331054290598 0.4660090341452706
153 0.020308587877514106 0.16889522217363617 0.1889609189361201
154 0.4773392275434414 0.6054349593568243 0.3277380079387262
155 0.6699988008294402 0.9812893118688133 0.07621020079201646
156 0.05606881403601127 0.4555061874244839 0.5328729840376588
157 0.934517765512004 0.839594405329242 0.48456018455167305
158 0.45062821200509917 0.8768546881033484 0.5653219464662365
159 0.4678584991443553 0.2348714164037764 0.5169729890005971
160 0.46205077266461225 0.14073003001217843 0.5107154529900187
161 0.44245479627100126 0.28043123969828976 0.6844315439636014
162 0.21462976975576364 0.9146979734678238 0.5790049960644912
163 0.6529913835025511 0.8966441101662718 0.7937849321018454
164 0.584619390770509 0.030950098776183155 0.4155404314532719
165 0.38732262806784556 0.42355518149453997 0.06856452729811169
166 0.8197860124582133 0.28805113077216393 0.33729760027749756
167 0.9243186495410102 0.4846912291535449 0.16084744552608676
168 0.297009919131736 0.4956464014323114 0.002949505518010098
169 0.37195026107184825 0.8029489354579573 0.6440206481663177
170 0.1393320732730453 0.14432992649533127 0.13617635323621036
171 0.1294030243150751 0.5256158371280795 0.497732820121802
172 0.5404080631639137 0.8385582032292129 0.4032444093338844
173 0.14043873869403578 0.38050824140624717 0.06567107765199087
174 0.6667494788592031 0.8102356598817327 0.3476167850403833
175 0.08889669568518577 0.31079972566623915 0.1714322862743275
176 0.9450670743164353 0.42750010325066323 0.21013411776867752
177 0.4383584003031862 0.16631880359778295 0.6630995953664083
178 0.6556305218412709 0.08660312537628212 0.5523615356889643
179 0.7495469613891191 0.6813914088236843 0.9240190660572004
180 0.7101313015821823 0.12885365836307316 0.7502982576824483
181 0.4104146871447304 0.28249195094039914 0.9349211958387246
182 0.11453608864925857 0.39011453574565247 0.3764359462437731
183 0.9757529087452101 0.5097563118328734 0.7156202528452262
184 0.018093028972225977 0.27641617920015404 0.25840971945625035
185 0.37820618167583697 0.1284445657786527 0.7722706312069724
186 0.44830027081575674 0.060945391289170425 0.19935186848023778
187 0.2761253424644651 0.6816757209300832 0.32170067312081607
188 0.5653168034829951 0.7382357656642193 0.08463113883091233
189 0.21701442409268445 0.13123510452755516 0.4426998027738457
190 0.4018977777747006 0.10522613277884785 0.9238407212698502
191 0.46587537204170737 0.6608328901140367 0.9779634786024708
192 0.8228408453282056 0.8113896904922258 0.7927504296190997
193 0.46006178166652956 0.4341936852584565 0.17044659094992454
194 0.7120787745687326 0.2220468913969993 0.988245647392625
195 0.9896146924661905 0.1030455464130976 0.010865080717260112
196 0.2041913759415398 0.0542690133175352 0.4037073485302486
197 0.6168249880781728 0.05177967409791395 0.44929175639755914
198 0.8748124831515792 0.66885086658416 0.4743443329466165
199 0.2516354239046278 0.7027192140705272 0.11669899028322905
200 0.8801135803977939 0.38751341709871434 0.7778373253215887
201 0.3290772655591151 0.8585196858395021 0.33035608703765673
202 0.7219968607211443 0.00314018166600627 0.14248443778499187
203 0.9243654815816612 0.18087866955316612 0.7776993932443775
204 0.569054854570475 0.571751503772281 0.445740492671289
205 0.440342231868342 0.44208765417772866 0.9511655205036944
206 0.29704969244805046 0.7881907476531713 0.1205090057816971
207 0.23479773686707706 0.08777293073205095 0.6974298709302702
208 0.08241565705587373 0.4878596170288707 0.1541366330896412
209 0.6233784630674749 0.5045136407695608 0.3298976180980633
210 0.33221231585317623 0.8425957059055391 0.09830704133684842
211 0.27761655721315426 0.31213008535426456 0.796776779358356
212 0.8957468170485927 0.2020974852746299 0.15589832226741707
213 0.921554645476615 0.9210252508243566 0.8320394435231949
214 0.005009923892682955 0.6177914563145575 0.5415210858704953
215 0.406559417814503 0.1619286882795976 0.18325477345189223
216 0.03443203669914141 0.7527457907083154 0.5273288442384834
217 0.15507184485716063 0.31269029214040855 0.6214131833653151
218 0.6520532361822111 0.0760157396805603 0.38808547932794846
219 0.9954547634085895 0.8415896608525452 0.10692263287378267
220 0.3358996650140874 0.5295391926864453 0.21802684521947413
221 0.28723689472287894 0.7035906334063503 0.4791117078305934
222 0.19618981198104468 0.9131868897940546 0.7733647449022892
223 0.7720140026105726 0.43669686630600235 0.4944313543007842
224 0.9732224365856007 0.11260401267122344 0.9187330559334971
225 0.40735463379963543 0.51851100327338 0.20623693460444126
226 0.7725904016994749 0.056383015708663 0.42968790485178865
227 0.1569865785436554 0.7726973555306664 0.9323689597414057
228 0.4999180286258218 0.05606652400189682 0.1519887314935806
229 0.4220105360100397 0.6502978873096368 0.916621475616755
230 0.08381265686774442 0.06816197461695428 0.9331309091659742
231 0.9802851456610769 0.33193792269120403 0.32645863047200085
232 0.8390191702112128 0.7975356302688927 0.5182950093475984
233 0.9337974949177891 0.48563346619606695 0.5432587652323027
234 0.9836358660182005 0.6586797577418176 0.13865928284454587
235 0.7889012191712714 0.6891604400797969 0.23716595471490598
236 0.25669792140314884 0.010709336976884698 0.07814038080281238
237 0.9572193506355008 0.715615165318679 0.2436292519101012
238 0.8186601249253742 0.8769568359308256 0.10554546738035853
239 0.9226437484170641 0.9625261038606563 0.47187073304712923
240 0.7053115923308331 0.4293445669817405 0.5685653521932691
241 0.38994187482863485 0.5603687425827019 0.11755913814056396
242 0.3133219585713509 0.34971886742540137 0.5296080371014458
243 0.4672676696206428 0.9068973654142342 0.639320179958019
244 0.6165811564932432 0.009006604894097991 0.8774627629987951
245 0.49932898098225287 0.742279635000936 0.9025407812454159
246 0.970067309451555 0.07223316710873051 0.11111443150742295
247 0.309563727695351 0.5942470746661331 0.23972812289114598
248 0.5996997179315239 0.9236785975126905 0.6754078814204469
249 0.17294252569392732 0.3643174923610094 0.7496146040407182
250 0.064110229035656 0.46261630678459253 0.7829232085332721
251 0.5231534791002731 0.5541230392648153 0.912295933693372
252 0.3877388729918365 0.5706261536567847 0.35416423790813256
253 0.9343885003720769 0.3108677208147468 0.9498440125725164
254 0.635067027023274 0.260167114182531 0.9364032830072012
255 0.5420718583752421 0.824790665205665 0.9598774943062153
256 0.8794548958085907 0.9691756952771665 0.5205778983682363
257 0.8873087755812663 0.2779857211069664 0.7712591964062332
258 0.04913989671065466 0.21256313878091837 0.13981151303734274
259 0.9644880265085807 0.7162209211653765 0.9217857045917531
260 0.6851690691738238 0.8130634161376981 0.027804233554157176
261 0.03973203568058625 0.5571021956178928 0.18429433382039684
262 0.27681071596435636 0.7741194589288412 0.0480314242431048
263 0.009936216950450438 0.9904557621998805 0.4400142484108851
264 0.013116204261112041 0.9403326665820264 0.5489367884314976
265 0.06567049741845943 0.12223002381690729 0.1553396574538386
266 0.7363021372178903 0.3923988637955581 0.34741985033892375
267 0.07668456872112339 0.3463266385326279 0.8494434785674797
268 0.9694404593600726 0.22534666772825507 0.41262149044568475
269 0.5682655419720146 0.5300427624006004 0.8369279659596285
270 0.8878394185741476 0.8046140069301241 0.8060237843641613
271 0.5084191894261222 0.029705724171516734 0.03559928846140592
272 0.8020633657395155 0.6214067651604405 0.16860941550583286
273 0.781904701204661 0.7383572281259261 0.6363454884358032
274 0.7902471313626708 0.4997358851052468 0.4275971885636133
275 0.39437883413262675 0.32310737796933897 0.6260510511782849
276 0.7420041065433137 0.6527539789326746 0.13810968208521346
277 0.19715825187783664 0.0936648731478602 0.6351558509558681
278 0.8433354497375256 0.20041543279577323 0.25957244487370845
279 0.02273468609788387 0.5307033420578137 0.06474821572579781
280 0.9134453297874292 0.30542990640160284 0.37508244206054686
281 0.43104794293964144 0.012577931344873727 0.7346599517966668
282 0.6688596834657936 0.489864605952794 0.3669632410384458
283 0.6582401463323734 0.9538291735062324 0.02327320648706921
284 0.05840029294175042 0.6255502778484876 0.3330609077723534
285 0.9056859222418951 0.07278495159188414 0.7970573588478708
286 0.1440311868624381 0.48170160379538685 0.15765720272895611
287 0.9981138187061843 0.7552118468622442 0.24613273077227693
288 0.18653084137092457 0.13145923787507718 0.7738406529446833
289 0.5061230006719069 0.8542788293836945 0.6097441594871218
290 0.03600417381783638 0.838436786068834 0.6245435711218128
291 0.6910444863897568 0.21526839560087496 0.7711350478770587
292 0.9909260551957807 0.0931887444041094 0.3095399103493718
293 0.6605848986620637 0.3881862720860646 0.3463046297453727
294 0.34636696804611056 0.8038128994427385 0.16779764545852915
295 0.4676259197491406 0.05440911253923497 0.6991242438208995
296 0.7820199442588136 0.14252105095172107 0.76762454627531
297 0.3808666695020936 0.5841856257264538 0.1542563133270256
298 0.525349339919544 0.24656088759951367 0.7890338278761433
299 0.23490762250320174 0.8978214239105458 0.8567540845726321
300 0.5840997390262809 0.6363113237543202 0.2342451125362841
301 0.02467034964824444 0.9523102559566575 0.599253011891245
302 0.6238189064156572 0.2030986264610275 0.018576413977828832
303 0.17130827264487336 0.9055281453362216 0.28430795362957806
304 0.4125115645692503 0.3026680871526024 0.7330606451783701
305 0.7322247338750107 0.8120532515731679 0.6251163967074471
306 0.016225490311865376 0.7355095923179513 0.9219771562774557
307 0.838964806065237 0.12690450263575048 0.05442249834418866
308 0.4220192873509626 0.19580426107397375 0.47628799626838303
309 0.44714355109798976 0.4826182025039213 0.7307378577799957
310 0.8148433114704308 0.920632246936973 0.7025136683834525
311 0.8944937630958798 0.7399229704901061 0.8367425442574984
312 0.9444916926534138 0.7155752144105407 0.23886893643473628
313 0.9155806317358005 0.6716517078050599 0.53952746024059
314 0.7575923191084596 0.7711801035369963 0.5251113443012654
315 0.17580458116318554 0.5239421462969962 0.5909964360128231
316 0.7064232111186535 0.7999578202138999 0.6328629562283524
317 0.9993780677894585 0.9355161391482685 0.09397822575039794
318 0.8134388824626105 0.5759173647439821 0.9047877634099325
319 0.11601289596620701 0.4324659295752098 0.42544992418194083
320 0.19345135710828842 0.8875510578392395 0.6503041492735757
321 0.3260644854600405 0.17781558835082067 0.006644583728402931
322 0.07253237056554651 0.19985912799949168 0.49233214933021574
323 0.281125499227067 0.3643736604816753 0.9910560385429765
324 0.1687768009870685 0.3684717693155858 0.45716875293169146
325 0.4226025420774002 0.09405717429135907 0.7291427077523207
326 0.34218183493980936 0.8923822339908066 0.08548352702234274
327 0.3252094117080172 0.08873380442875234 0.5442092598294411
328 0.34688770457535845 0.46857997878908164 0.8042369494938453
329 0.21103961621731604 0.10938672909376246 0.5466293080413402
330 0.032666923783961965 0.19199310116179735 0.5528983052466148
331 0.7761287121413502 0.5893603175858781 0.884032490335077
332 0.13134428526394404 0.31788995611584003 0.5567955877399783
333 0.48936795765864327 0.8913858596194074 0.757315872779853
334 0.8324403907268749 0.6552042667321452 0.05997953752479934
335 0.10196784579882956 0.7366017914483636 0.5418481276936262
336 0.39806551422768177 0.6902195004165071 0.20439469181486414
337 0.9227406474766794 0.6554783804265286 0.6692834550179668
338 0.31883890082191646 0.2066631319206813 0.8903050695949278
339 0.6107250868498948 0.1643205747171439 0.9585464830698547
340 0.34731469812035076 0.0635547147695329 0.7909458271733506
341 0.36618814768808927 0.9071497489250969 0.8114369716523776
342 0.33146959588979874 0.8274714199288761 0.9777506502761193
343 0.25543195815167985 0.6871363848998292 0.17911347918080645
344 0.4812042723334494 0.8737018775764914 0.2276707830415331
345 0.7561839649841773 0.07985559669095943 0.5873656724640609
346 0.3811265228318087 0.6662565926629338 0.20230313533850586
347 0.7028981298842558 0.8641533441642321 0.14398258106512107
348 0.6769418937841654 0.37617915604761654 0.7529753524785423
349 0.8802905651070416 0.030837800557644623 0.6824908415617089
350 0.46171514134077885 0.3386654389106618 0.03833174910295378
351 0.7215703773379901 0.9484114854292021 0.5833366728397824
352 0.5645087199044311 0.06903014762252258 0.9966546246169122
353 0.0468296736785111 0.9739118694894324 0.9973819501926403
354 0.004683635043191359 0.9995502972211515 0.014580080693214814
355 0.7406488872772217 0.11646117744878826 0.17727288134427255
356 0.4521671889299623 0.8690602080485944 0.5629551684967297
357 0.8691004836566836 0.8559894739269969 0.7056409547855018
358 0.10361537890193984 0.7927245528430951 0.7435173822482684
359 0.6892351047638702 0.0955007328016817 0.4575450023625699
360 0.918416128446735 0.5276422615627098 0.889556577014637
361 0.14776594603608073 0.14755124695684474 0.33065182916717717
362 0.30892025249553856 0.9489659172342321 0.4804461577115341
363 0.5757283954814055 0.974831212373106 0.7796286082977287
364 0.1506703958635448 0.8461982452788414 0.5689342396477816
365 0.5486217169361239 0.14146079146298896 0.12769873452099367
366 0.6360120423746046 0.47289823097109174 0.032300765320415925
367 0.7797908134887054 0.5099611160494961 0.2614338962561824
368 0.6304774114559377 0.39512715134549603 0.06074669922046472
369 0.8828599517152376 0.3676656844326761 0.01523128220403458
370 0.016204161802809036 0.055972369072697536 0.15819934649706258
371 0.3388796057897181 0.004295286878555737 0.27198754942662196
372 0.2567795098452641 0.5518097464598348 0.43377777274051554
373 0.377266009584282 0.5444446169801739 0.024893628450923466
374 0.6658445246614794 0.7358171873966942 0.25014359293974675
375 0.6726301172463955 0.6894219537913718 0.3956387673359739
376 0.35791086783256987 0.2410312898500887 0.09029406749058944
377 0.7381900632112592 0.5748188710838404 0.06492465633228939
378 0.8685266716443237 0.6327293827940123 0.6975497139328555
379 0.01686699376595069 0.21306226088297775 0.25653138008842746
380 0.9774014848397029 0.20724697532350067 0.6227742365277411
381 0.2789212917634597 0.8060724530422931 0.18986673458911418
382 0.23790160722689813 0.9051434726633096 0.46438870167013335
383 0.8234941506411863 0.7396035089015156 0.8985323816066271
384 0.3803375213594158 0.46151358450927504 0.7052474163916518
385 0.5201470199500543 0.07762422270221103 0.17523863814031604
386 0.9091947765925834 0.06616511412762471 0.018783358799874472
387 0.6250608478842028 0.6761619219450016 0.8156874984827069
388 0.4088741816359781 0.09447016080411952 0.35686761256966015
389 0.8384364244790431 0.47669500168952295 0.2917204149123914
390 0.7378408876069044 0.11868435565520985 0.671658385321394
391 0.1378654018555523 0.3275545880523849 0.34156635480716135
392 0.6278916450753347 0.029913959805266455 0.432763565642333
393 0.43889580592534827 0.5411910333825634 0.16243879883706513
394 0.5249600542709478 0.10070682540019948 0.8179844494849677
395 0.5037226090110389 0.3373907045277552 0.3359706207293922
396 0.9562312191511348 0.5642141783773644 0.8180815806997478
397 0.5206723340265447 0.7754769955013749 0.7739598198211446
398 0.7468501400640436 0.9994685691361828 0.6550114347159932
399 0.2003183671570049 0.8899793856713031 0.2686081625852249
400 0.7799425121640848 0.33455146347144116 0.6896588579244349
401 0.3061736621908071 0.8897072130812309 0.4360054858501389
402 0.9887186705508563 0.7585470434990348 0.09433347239030676
403 0.1306381326591196 0.8891723717152838 0.8136402974683383
404 0.3716756451026937 0.16044278931628664 0.23515594968080777
405 0.04590769935968908 0.36651098327654097 0.5614939198939077
406 0.9341000404820731 0.38183826622357775 0.9880262917739807
407 0.5392970195381547 0.6413467595453674 0.7997463949165597
408 0.09866915941504606 0.5459959593379384 0.6198511953550341
409 0.45298455788821823 0.9031478070755578 0.8529317537261687
410 0.5474053168186988 0.9283298700492707 0.8067084402204675
411 0.31912276654955163 0.6997191174915869 0.3759980576743154
412 0.6788241232475786 0.8123829814379175 0.4398517238493196
413 0.6802842600459603 0.6685418989494906 0.018912574205033006
414 0.7961639642999925 0.20429387985791525 0.4535510757543859
415 0.8268933979182256 0.03636272900234483 0.7527690630368752
416 0.88652665487738 0.8403265087723686 0.043806397212288406
417 0.4735138084869024 0.2794298748452584 0.6133028041756786
418 0.2878120560041936 0.4122096395738387 0.5724475545678601
419 0.8063251386058858 0.27596840065488903 0.17297087386061427
420 0.8371168178364635 0.8728355876008436 0.2545203599991196
421 0.7794356831044379 0.5883744277762538 0.2718714327645171
422 0.033226820966239856 0.5492219462273746 0.2686441655442706
423 0.08005331385955006 0.19993590318878252 0.9889220807399991
424 0.7292571139192778 0.9960729036539291 0.815156028255786
425 0.6457101976978763 0.2860665205144167 0.44879694698467043
426 0.7678882236238579 0.38030148610479264 0.11037379937124159
427 0.1794682021775701 0.9361126561641443 0.6896800265056251
428 0.989542325454468 0.6895518087119358 0.7646547797113162
429 0.5765325899846206 0.7963971774642807 0.17087922311119375
430 0.19093889306587586 0.9646023891429528 0.5001657575054614
431 0.005653339224676146 0.4793932621327255 0.7262702320767501
432 0.25545023630813024 0.037543961670555515 0.620324948960695
433 0.1632160354937492 0.1532008700630243 0.6118767779138328
434 0.11243576060994909 0.6665680237091398 0.6087527547925745
435 0.876008254653616 0.9863303124461973 0.42099548393357056
436 0.9113596550417463 0.7774294217568677 0.9696650748083546
437 0.9448008609018297 0.9032566777474736 0.04630739533203454
438 0.9866853065536458 0.6536257100818579 0.42627995817108766
439 0.46481847303198576 0.4297933471992841 0.3788372831941731
440 0.8845668366714877 0.6855294221001738 0.8143940618476926
441 0.15056334445889963 0.06541970500449612 0.40747311318138135
442 0.07572610781989408 0.580131500892701 0.18914623963293897
443 0.5563537272876794 0.14829448814285529 0.4106050126460645
444 0.4011150160915816 0.24317674660530453 0.5503055209442267
445 0.9853827996801825 0.21578553621216645 0.2898768627122632
446 0.8595588245625609 0.5346206108570101 0.067779676580069
447 0.8403713913898464 0.09929832547657935 0.37909497231907974
448 0.7390877197827088 0.47570137032826665 0.8956665595121822
449 0.7915909699187287 0.5566498535497604 0.3273174105298593
450 0.9625285885793585 0.9159398133946932 0.013510215972255657
451 0.6549095159857897 0.886519888534157 0.6375383242698341
452 0.6091928156841926 0.8941940567246187 0.0043405752751495275
453 0.3639133724839049 0.38925949739282684 0.028159414325116594
454 0.6149654498035364 0.7842698482371638 0.5224326757172254
455 0.6396708508144602 0.1454161979276336 0.25403430442885877
456 0.9790324120560779 0.08462400954845972 0.5007617675439291
457 0.8951677643892363 0.08120161929575309 0.4165229514086364
458 0.2004329793783961 0.14133628074985782 0.34355846237383625
459 0.660444759173996 0.44038071790706634 0.8523004267766382
460 0.05446572675361783 0.6571917150202039 0.35017230798513976
461 0.5121777630662498 0.5337743851622729 0.010940347544956763
462 0.9003157701908141 0.6837961795837888 0.6077264988889034
463 0.47753299283498085 0.23240912885687526 0.0483065493568382
464 0.7148571578459045 0.041832687395355395 0.2320075670577022
465 0.32207720523408256 0.4840686126009325 0.05914313890559486
466 0.9368608958560695 0.47726168023883897 0.28223939636045636
467 0.47356536757812795 0.2736319209445326 0.4374646824340407
468 0.7041495246847789 0.9687303429906069 0.609988177053158
469 0.1017345232250656 0.822060625484729 0.7696075496371904
470 0.20539894633248879 0.9890801775167359 0.030747646918851124
471 0.7628690501041935 0.8334685753242839 0.7144811491346507
472 0.0666407810963946 0.9696632833402204 0.9517465844516271
473 0.6780423458861796 0.40600995520484073 0.9623451605739682
474 0.11381161010558272 0.7755271289516689 0.2769723282022525
475 0.4041017680084974 0.4547010446272707 0.7461641498391808
476 0.6866578375615313 0.21531140021414708 0.1749817444886571
477 0.23229661013075908 0.8150421612300779 0.6159282364540017
478 0.4077988753662595 0.3642695773005249 0.8066533237979792
479 0.3258875603126842 0.7259708101724677 0.6960686101272485
480 0.6528703731415917 0.26461169767287385 0.46480161638049766
481 0.23001512221752407 0.8549913847611942 0.8717619532438194
482 0.2256935590019311 0.6515973697943925 0.796361770019156
483 0.44003128162738514 0.3677628287759417 0.5298155423628381
484 0.7183579567865507 0.5510447922915968 0.7332240390491763
485 0.11595244670524463 0.05529662879578756 0.2616160605310883
486 0.31200617602783054 0.5451011507077085 0.11542503380969082
487 0.25854304556276164 0.7338567866491862 0.3927678213676198
488 0.5830517361867927 0.5143844992707595 0.7419895960504644
489 0.4455817163167828 0.47939094094263524 0.23016046775457688
490 0.013975186361927627 0.9579813096514281 0.10073779171143826
491 0.0007299121028263578 0.42728480712519035 0.028614291857556262
492 0.6091636752418874 0.4440722070675426 0.2807037031069637
493 0.7821503757569356 0.6046867757390246 0.2046214403804597
494 0.8873072705159957 0.643343024083906 0.5860675238949845
495 0.2973245945505808 0.2890571253434481 0.2348701985185755
496 0.38404116482511275 0.3209865333626245 0.13336888954938453
497 0.5185304650075856 0.4824791856204408 0.017916341903843724
498 0.41485635449937697 0.7254659271605937 0.09098533469745651
499 0.5616365123367274 0.35856694820816126 0.13279711878849898
500 0.8819495399287504 0.518773768944613 0.5454494289926611
501 0.2644917999246187 0.9280186855318279 0.5150564491997949
502 0.2261400101527229 0.894744440709365 0.45544731181499587
503 0.727687686405487 0.6242550984741349 0.8129957790894374
504 0.27763749800580695 0.13192102911727122 0.8927560492100184
505 0.5451045178097443 0.37459145034108143 0.6732133014682908
506 0.599533412842569 0.8906263821457561 0.7173297325605656
507 0.38165540443392654 0.553429964035542 0.6093199551403006
508 0.09881437640051394 0.9439289734600351 0.3430619640459185
509 0.8404789793624088 0.6986636959324571 0.9273241357207854
510 0.19552673771496742 0.3529822550464877 0.4378549311253902
511 0.2769190811730856 0.5954155607787314 0.609627888097905
512 0.6004133552497961 0.9657290082611645 0.18853170816635023
513 0.046956339677855286 0.016046671907510413 0.7663332561758458
514 0.2273285570685596 0.7904393891539488 0.6037137420731047
515 0.22536605176096614 0.13160458544380627 0.005119443236179189
516 0.561565832502591 0.24984402883302226 0.05927544073995372
517 0.7307220379558852 0.29059354092377576 0.5054438319573491
518 0.27669513971345205 0.9037993846287365 0.13395277005686412
519 0.3006568799421001 0.3394905778475553 0.29759436464733124
520 0.98523351850032 0.47985982804271154 0.012778773123013676
521 0.5471895309429805 0.29136764422693295 0.12080894609709425
522 0.8296684675489409 0.1696266310096438 0.05325860229564894
523 0.44908708806838993 0.4635847582993031 0.9484875046948947
524 0.8232186404066479 0.8240187995628615 0.5409988279563074
525 0.7851288460582843 0.21793957034017264 0.16160624176242466
526 0.3146466789703848 0.6848265722995746 0.9626075947984976
527 0.3398437786840174 0.24998159386518648 0.0925931075051486
528 0.14733057384163795 0.08023029285609207 0.005689128152240985
529 0.8531717195574869 0.42684097783842845 0.5353765259217989
530 0.14654434092004898 0.20519806794553852 0.4326128012624265
531 0.5111993691719819 0.47029176031943287 0.8485679127381842
532 0.5468223757594082 0.622442361676048 0.49774927912915645
533 0.3011992217442715 0.43108359754324566 0.8547505989243623
534 0.44771669877824516 0.6355910610194759 0.26879781623895715
535 0.9840718293417191 0.8976687456634282 0.5623190336972596
536 0.25763613325303525 0.6562633423320949 0.7178452604542644
537 0.8870865757988261 0.38448339880332505 0.24678968809418345
538 0.10586062401967611 0.41051378478392964 0.9340697239955531
539 0.4585367489758999 0.7431680238760967 0.7128642242246902
540 0.05120567715856961 0.9680250578301312 0.5511719655155811
541 0.41880560643259557 0.7412488728173985 0.8986498202264451
542 0.5212361354105398 0.4370827425844568 0.4281604942198295
543 0.8314818253965494 0.07087859474288816 0.8777930132030476
544 0.5599270935914021 0.16160729291158604 0.7831895991617405
545 0.0011998767689566092 0.4917020053848764 0.9697365545115654
546 0.40775847919347263 0.5457518163551187 0.4251071746998005
547 0.489069077976224 0.9860456319975686 0.7820527572020333
548 0.12511750066312954 0.8123079710102687 0.9206703098264734
549 0.7526141155562568 0.3746444755397367 0.5905900179180898
550 0.6775009995173032 0.31686486997836416 0.10909770890036485
551 0.02927861156059053 0.5147525308912487 0.10877087078869974
552 0.9107422773950271 0.19206049604678432 0.25065339803523845
553 0.474871069085133 0.8373049179924739 0.9581121638923018
554 0.2865322325510984 0.26241149868638525 0.6832646326432668
555 0.16405648638866677 0.9847797047077858 0.9378371413562088
556 0.981429514801761 0.544485758349036 0.5797700842501059
557 0.03907630152408026 0.5419141631698622 0.113654241949104
558 0.011365835079886866 0.5773251776401663 0.6404823494032259
559 0.19741819575888386 0.345595895275396 0.27053634723212594
560 0.17032033186413875 0.9180406356415031 0.5558279116654553
561 0.8488934646216638 0.1921158277410554 0.9018856485148402
562 0.06545542145014016 0.6502143740657452 0.4372359790141578
563 0.40807210143720096 0.343063894511361 0.5445500826013039
564 0.37036364289082446 0.4532679671549349 0.4767608577618594
565 0.7426321780859851 0.9154791188666753 0.9160794225960279
566 0.8217426994862356 0.22492048091258754 0.40631468246208047
567 0.040762461380267845 0.4350571912073832 0.7117646352534239
568 0.7283731650397683 0.5270612820755236 0.16708937292694448
569 0.6196286090125145 0.9955413974257094 0.30464410843085943
570 0.3213656216333056 0.27625416814893344 0.10200674686329303
571 0.19074784805459366 0.9554812058837524 0.8617462370415693
572 0.6005147271581311 0.1870010642753699 0.2113779295496715
573 0.4167653614357605 0.24890578311079314 0.5445757827658834
574 0.9170129775643734 0.6189886824929418 0.12580231567646716
575 0.7077793458688387 0.07561003555861756 0.5902227809336863
576 0.7072759976568349 0.14348072340487783 0.5506711216740716
577 0.3244214234621221 0.5223448995459667 0.5838944093364644
578 0.02600633757625681 0.45217974180650744 0.1227262956531221
579 0.9303280202609797 0.3002378803948389 0.791204635050533
580 0.44251776321766945 0.1723757806367464 0.10768401896030699
581 0.12259455562267663 0.5951564595639398 0.3048305486059939
582 0.7398216574834594 0.9488128990535104 0.06559344421603985
583 0.5604878617266227 0.26600628404640525 0.9166645045958994
584 0.9762931504607161 0.9230574377166318 0.1587677922494607
585 0.022794779106502294 0.5136475307592744 0.11844865730001786
586 0.893311831855976 0.4236829333792034 0.05411343925411882
587 0.13009818821567964 0.5283563824866562 0.0012687252829250983
588 0.7450845776590156 0.9768322153286789 0.5222580359903174
589 0.7969808151340393 0.20989404208538454 0.5676552619945163
590 0.2729119742469571 0.3801081509680647 0.8912216573295445
591 0.9885726809487635 0.3855259927508271 0.2322164789506157
592 0.8753292345959967 0.973572943010123 0.3515343917841335
593 0.13426652806727302 0.5208549706010795 0.8916648899979722
594 0.5297010173669195 0.017185435166263474 0.3604265030882866
595 0.19996148880029319 0.2625895299313895 0.4041842999657812
596 0.14945228936646127 0.9468336349980333 0.7834612327114981
597 0.40416148589250944 0.41812648944171604 0.5412546096406483
598 0.5745659897852591 0.8447082223938448 0.13739408451271862
599 0.6249072456857974 0.2838288732382045 0.6256615450706283
600 0.9244252414888888 0.7791788064696791 0.26314291221351016
601 0.6019559608088656 0.9613571404105302 0.6935222303826434
602 0.6325251295386048 0.412518302822824 0.7183738324466284
603 0.9591890084369836 0.47468114649996596 0.6382051197736683
604 0.9349060179601504 0.8904078908598803 0.07452763235592197
605 0.5553341604911033 0.6646867641567317 0.8934503788807434
606 0.053361412938076835 0.36935995894468066 0.026024394302750498
607 0.14856190582188333 0.3538546250140767 0.8351527726917011
608 0.16986853426638338 0.12481940109111855 0.8044938835909095
609 0.28516916025988615 0.5823887354125619 0.6545108608174511
610 0.7538125577426966 0.4252227821991219 0.5719923600316057
611 0.3997161434752885 0.6581196397776649 0.1119484614028623
612 0.10538228042102349 0.9408641562739218 0.2959253319826519
613 0.40659162818488515 0.7443570197279663 0.7641265202254496
614 0.36041539889525576 0.9318790438076711 0.46556362334007495
615 0.929635693866951 0.21875276663841003 0.5060524302236765
616 0.7492400610545211 0.7643837477948408 0.09009924489793508
617 0.9626286881522094 0.22248716679236136 0.5753153489246314
618 0.9054964034922962 0.33406430621757777 0.5425332015487829
619 0.2094291801924475 0.2627321140272807 0.018361228665256024
620 0.9439876344047761 0.34129916676234184 0.3157838110837755
621 0.4474810706430209 0.41263651558884207 0.48306819912154353
622 0.4001866769719721 0.5528833095219587 0.1259867356308244
623 0.47382108490905595 0.6318628381086765 0.6483392759049673
624 0.4998691889808199 0.4055037193106772 0.7842155048600892
625 0.13612393149396862 0.009694287485023212 0.6215041989816522
626 0.9198343084215338 0.9486008518908314 0.04263849740151737
627 0.7540077982399734 0.8793903900073402 0.9307124852310439
628 0.6037713975160615 0.017582534239826475 0.6968161254249011
629 0.3731817503810938 0.5064405321300934 0.5705511427266281
630 0.3601197503987046 0.42628818634891186 0.18485777993817665
631 0.6933084335296952 0.3815818656813075 0.7295575791990412
632 0.15599282516383195 0.7651842600892925 0.16888745465800714
633 0.28642951303591735 0.002275780079551537 0.8508897348057101
634 0.12117198169474064 0.46656809350265493 0.5628616396604591
635 0.6882519495750558 0.6429024075081149 0.19374339140269536
636 0.3074008977528073 0.19091083702260836 0.19143309069202352
637 0.6635596943684652 0.7566686277163783 0.7084165177518076
638 0.8150773225757528 0.7021061355265305 0.2991282020056375
639 0.6330385675259914 0.3965133045461928 0.7672311765437211
640 0.307525803393235 0.9379873807453698 0.5412182065465331
641 0.9762284376393054 0.041212860491056436 0.11194505093326079
642 0.8382166546185231 0.010997074947406649 0.8842774387423686
643 0.5307199898221987 0.23765600006160792 0.1473224880751961
644 0.5669498291975336 0.6496480033414833 0.23642131587375959
645 0.41068329032604833 0.7229995264086936 0.7364676330812783
646 0.7474431245174531 0.7974209723337894 0.4630928076322246
647 0.37896577538644394 0.5474647730649905 0.7577232234650964
648 0.0730194220064847 0.15220315604845414 0.04697623414923913
649 0.8800040649284527 0.6019212436958207 0.8088148360586994
650 0.6658222302859871 0.6291134878689127 0.7078183778313248
651 0.8434176460384358 0.7387321335989268 0.29468364703498884
652 0.8617816286725263 0.6305414494921202 0.05877472381966753
653 0.20670994463993864 0.5028509602511376 0.13239330435193752
654 0.9300933263277 0.6922736017307908 0.5756309144963224
655 0.09902996834959532 0.6732634583044117 0.8605856781285864
656 0.3001579350882897 0.16899434481465458 0.537713972997453
657 0.8140963620370777 0.6391281593834689 0.43587586760423835
658 0.31872688413497874 0.08026831042816629 0.31723801905244575
659 0.11666578258756577 0.8509167488640057 0.09474092195977113
660 0.2565252579813637 0.2231645116593649 0.7877823728484281
661 0.757053721803265 0.4119948699446493 0.1187496188673921
662 0.6238969206588482 0.7109732608397381 0.2610821688042011
663 0.0023384167394634447 0.4442518949704751 0.6966539805943543
664 0.7493519068170983 0.6594217919670641 0.6116959761272434
665 0.2791595149492683 0.9430598589300023 0.6780826972168958
666 0.9908464199267475 0.877095503153625 0.22811267982833483
667 0.6166131805195706 0.9690961179712314 0.5150453524044836
668 0.06763978073615096 0.9381246576488106 0.3777512894959387
669 0.5706035500333182 0.2830078298617016 0.19987241806379596
670 0.6960672558826304 0.6159166659627653 0.4459041675139319
671 0.9590168908030476 0.4952800615049956 0.43188451971333874
672 0.24735989165063121 0.5244033394189554 0.16162153702870363
673 0.821469053777232 0.12674859619826173 0.30318737843123456
674 0.12965486309726104 0.5102819032531387 0.052305298187678706
675 0.6734897094882542 0.1537720315293697 0.791946201451414
676 0.08790350540144476 0.8521459431579174 0.5554815176988388
677 0.09633702909007824 0.794806490873458 0.06027753071550457
678 0.39055399570921456 0.9659769531870978 0.04929501455682339
679 0.9254954362879871 0.2188724881699502 0.7804529940503987
680 0.6649239182691142 0.9726208915579967 0.06247336360659406
681 0.7406522061747708 0.3636138740077546 0.21768063279778516
682 0.7887462561296975 0.7962086793782255 0.3541753480354728
683 0.8988089378131536 0.9863911812278213 0.4860446828120153
684 0.3536051466347029 0.45017806682063377 0.4169916511022087
685 0.250754441026806 0.06134725375107841 0.7456014486255064
686 0.7808781781964982 0.9489284452802818 0.8077309369884841
687 0.8392262637752629 0.7544278497166624 0.9550677609881927
688 0.17629586375296769 0.26569037951620844 0.7630095811998117
689 0.7776912930394367 0.9171626420329332 0.46215804452942855
690 0.23237631663092628 0.5288703251575978 0.4084209432068766
691 0.25971239756223763 0.8814441620629934 0.6432285888423898
692 0.18252731315426363 0.03218852184476817 0.7449504222235348
693 0.3471545105073971 0.8975799646201162 0.6594651952653845
694 0.8666337077805045 0.23114895513495726 0.3343712250180285
695 0.7257887364008783 0.08315391645564907 0.8145688352393203
696 0.2617013275571728 0.9251223944018772 0.9873473622425952
697 0.5965269633338296 0.19735240882965077 0.7321125429241373
698 0.32197107304027817 0.9630390805103425 0.5651971889262343
699 0.6661971360386597 0.6758277894553111 0.27695810782666397
700 0.16474081036695842 0.9244475124650949 0.19362418914280854
701 0.4292971322815574 0.41748222753897835 0.19966313407127134
702 0.7085501091045855 0.6966556722005639 0.8252551662875387
703 0.37474331736145416 0.04287129254899813 0.46168583936417396
704 0.9916645592708626 0.9814699641331657 0.7472831196967028
705 0.7946039832686226 0.04442758780176681 0.10561124376097308
706 0.23612143616531067 0.5103536185998168 0.26550325410907527
707 0.7170359290041289 0.6213518577711591 0.6288352824772272
708 0.7154315099871841 0.803512168455067 0.3030366652864238
709 0.1678905003871779 0.06760656105182927 0.9565630474792507
710 0.13742678840089784 0.07287000690286438 0.14666423670031392
711 0.811737110804299 0.1365381674267725 0.7336496590081649
712 0.5505867948956599 0.42599411850521895 0.2377210257219966
713 0.6851059897304729 0.6368825989122487 0.2497909758542135
714 0.9167847412933143 0.6279051276782659 0.7228293894677241
715 0.44695359158203773 0.225935869827254 0.20918120124078854
716 0.9024310926362215 0.9972067300969755 0.9578575321726318
717 0.3596924263121909 0.0661303686258955 0.9231609526091477
718 0.4555051231700541 0.9548651271185152 0.13414751654514745
719 0.36467798233424653 0.7118439741170294 0.22348463393177032
720 0.14146763400703688 0.15143095396249517 0.29787989184070085
721 0.47702260137511376 0.1932497032231335 0.500764927792587
722 0.8879624148869014 0.12151690061881626 0.4830900871248448
723 0.5437209277850061 0.8463608643244772 0.6937707904273891
724 0.8193632599506653 0.5572230320609186 0.01655040924689688
725 0.25751105876383085 0.6589061875195095 0.09812387285960023
726 0.7714584835291329 0.10251271267534734 0.5659264948700607
727 0.08566752877557948 0.4998009570798183 0.04984007512908495
728 0.7941245042353011 0.8315312422451476 0.35007130348433724
729 0.9170622924123959 0.992603153156177 0.9130597518337485
730 0.36563933325262044 0.2517270333111872 0.6144863516551716
731 0.38028837020876094 0.29372615341098096 0.9363954885779497
732 0.19574474331643965 0.2777757919269488 0.528915728507096
733 0.31503231696384304 0.7197604175345372 0.19136003611183405
734 0.21327693485046628 0.7459549424121334 0.1667796855167456
735 0.5652435052044993 0.36721280473657825 0.9687580991945017
736 0.6022122567796304 0.5793561207567081 0.8244405124803541
737 0.26597570781530955 0.6283854154851906 0.09543429689615657
738 0.29648767946683907 0.025572256532565896 0.4046544684413561
739 0.600365441861185 0.22231519573603709 0.5689455315630866
740 0.5031779703795026 0.34675442689024905 0.3439050303010944
741 0.8132561945443113 0.5768188641771853 0.6723019254323073
742 0.12922139994760196 0.9884274267962664 0.6705216240444103
743 0.5969051095232095 0.6418652165438289 0.6913858481759704
744 0.6588339783610733 0.5442027910435477 0.18698091582823728
745 0.8163368108465813 0.6583455398687333 0.5948755309124008
746 0.47933755591798677 0.6699897256009656 0.5179525547968877
747 0.7519837934938213 0.7273728533765281 0.07147632646708824
748 0.3000705605319063 0.7620471459393968 0.2132989465306161
749 0.764308307178537 0.6144477643879893 0.40568064695504347
750 0.06479055949646695 0.30940783284193063 0.8609954741957492
751 0.24670810925718978 0.0878383291447673 0.39131941466497766
752 0.7268314502149681 0.5250015640679662 0.7856686711230312
753 0.6951237898606444 0.6820411897905644 0.12478079451929569
754 0.815446138734248 0.2670309342792071 0.29713441532027085
755 0.4639401007927466 0.13920683022435454 0.3663240517061519
756 0.3204996864759162 0.23781341837755499 0.49683568821238566
757 0.5427522860791956 0.24046469342765775 0.7298913635629546
758 0.88829165244724 0.4805349708731803 0.2262922845673464
759 0.010138411452876861 0.5337879565261423 0.7380630443088237
760 0.955666731095468 0.9581097910357218 0.6998609180023829
761 0.3006070937970772 0.24028271661485634 0.8099582881448318
762 0.06451470506287671 0.6284849794439085 0.011837216304316112
763 0.7447020381558553 0.16538174996733557 0.12199129039467538
764 0.6640004086646858 0.46562272936364035 0.6469535191181351
765 0.16415322816872968 0.5002333595786289 0.6677294975767462
766 0.8046641920107983 0.058031358361865126 0.25684217354457717
767 0.12202086790989064 0.8160331347498041 0.07059994518511536
768 0.8148170288277894 0.5676115809530807 0.540839132743239
769 0.4607402156087316 0.7467436365036629 0.5492564265006366
770 0.1854223685510462 0.107740436388717 0.5452279013611087
771 0.6791484568248611 0.8859844947922253 0.10414140617905465
772 0.5371415440826393 0.027909235537647792 0.4292604373424521
773 0.5901450835118877 0.5996083690333559 0.029397161064798616
774 0.5164023612895406 0.24690220878132196 0.5058512269799569
775 0.4208382375230939 0.6298221480426822 0.66938343952035
776 0.35500548843103286 0.4049241171205996 0.9966497072648605
777 0.45078130129049776 0.8324493946210083 0.38144510367927664
778 0.7316271021445947 0.6679639448737967 0.1230143059291604
779 0.8594993538059603 0.28913988541221547 0.7774718101888304
780 0.2371282733444735 0.7860298825474327 0.43732152656973644
781 0.5809497843737923 0.8526104265238624 0.49385812259050554
782 0.23333294487098288 0.06846136477342146 0.749152423129698
783 0.3800181497383359 0.24367907085620777 0.8008738557706633
784 0.4127091028185156 0.1653705770441204 0.17809096448874606
785 0.97216499409814 0.028558904607287494 0.9488504763772757
786 0.794676534242127 0.12429777489008642 0.7225831518566843
787 0.6516278645854593 0.2342652127931285 0.4636780283250782
788 0.4803634168372567 0.7323062811905808 0.15639049983695275
789 0.044221192150390776 0.6610966004802663 0.29310920045289046
790 0.35387846095019315 0.23244493523480259 0.9812612011759495
791 0.7648573395554602 0.27440786334405143 0.44165451378172316
792 0.636417042769298 0.95020901210563 0.8305740704235854
793 0.43909735911709025 0.5175885648105464 0.03511009767627982
794 0.31998265855739816 0.5237625955406594 0.5505253856531002
795 0.8019049948733562 0.18635965833879864 0.276459406867677
796 0.4687084872956345 0.2595404601894922 0.22603618557309813
797 0.4090456475976245 0.7814498318829098 0.8644930850806313
798 0.19757105254877028 0.03596934726806578 0.7978787116477237
799 0.6358326902150263 0.03359187222621374 0.9017018874441136
800 0.060043526906920164 0.7161913426658998 0.9722108127752461
801 0.14978478151101593 0.9047138428892155 0.4558393262667987
802 0.6249192443605822 0.7705903883388892 0.07609549822572037
803 0.8094222960904089 0.7405973083851032 0.6998496384551022
804 0.5142990824932381 0.661603397740018 0.6624684119861329
805 0.9521199637605102 0.9455289031776635 0.8810816332364186
806 0.8530866292692537 0.3665519242725438 0.9243715773351685
807 0.4125170360998158 0.5676695786645827 0.18733778788902233
808 0.6807539375741343 0.10913702749329035 0.5153492248766829
809 0.07862073216975773 0.2642829346146661 0.21061509074620777
810 0.9331416748902153 0.16763814590860016 0.48469880857598935
811 0.8916886725917134 0.38251747166207395 0.07033508050014392
812 0.9673430548867423 0.11656126626478225 0.7102777543922193
813 0.6343639904540718 0.5055670619211035 0.05925170773804889
814 0.26565540230519447 0.838762299280646 0.8458490098887451
815 0.4997125193434282 0.9038816111307522 0.09294586913509417
816 0.38505884815385283 0.21989714525080073 0.37834720543476574
817 0.8469604449096981 0.4495365564089675 0.9958258569066692
818 0.6785829137885577 0.8820994606301116 0.5095013358351095
819 0.015725969479720714 0.22956283332480965 0.05129101784265244
820 0.9844523312238417 0.672271041109525 0.32928546307258866
821 0.09755656628564102 0.8963159157164446 0.2599036531605107
822 0.8239307225288727 0.4158844992703876 0.4269104302976806
823 0.5686075277230171 0.1255185962291695 0.34635354834476073
824 0.16671764772537545 0.5247659210707745 0.5789040448194529
825 0.5742395210459657 0.7044479335574102 0.5666134493541535
826 0.6839249090234772 0.27661287009391733 0.011906658412601745
827 0.19765889508479262 0.3858959805918808 0.7969959900300265
828 0.4900243015268545 0.5774733528998642 0.7652159567325676
829 0.535884328549072 0.4819945371402382 0.9379042058027492
830 0.7301888054649125 0.833890286476447 0.6991983540258585
831 0.5727364727798239 0.6694279062498006 0.8569394532979299
832 0.7899169553855955 0.3869527802121967 0.9727490243457025
833 0.683615223226388 0.08655454998811041 0.3235319409664733
834 0.19492595748791508 0.23346356167957805 0.6196544486873031
835 0.7952862724947092 0.09158110830667254 0.922648208706537
836 0.21557009368653657 0.15564730943250338 0.3190834787435104
837 0.9627954512277586 0.44247378324265685 0.5516677624471314
838 0.38750251562943194 0.27538517781454064 0.597166186102149
839 0.5726330252625726 0.31212685995466194 0.44422628226089167
840 0.4427463177682468 0.437988664898346 0.168203863059471
841 0.2637238734457019 0.2500393189465224 0.3785447614774291
842 0.7226881726829515 0.3893373044382986 0.8264526806004892
843 0.4121692389478583 0.1427166279778923 0.6574014109942622
844 0.035307735153711994 0.4516353724562403 0.8774488536466148
845 0.4501442740603375 0.5081778586150986 0.3582977013569535
846 0.7180192044851088 0.5841622458907009 0.94035911325856
847 0.27179548568057943 0.6531129961312114 0.22478395231391213
848 0.7513398919600653 0.3584603851980933 0.7697621837934732
849 0.5078740658979723 0.24637326776575563 0.2640497628680918
850 0.36228308850695146 0.47974500883782123 0.2953233821329455
851 0.3524889487263131 0.6264241082694314 0.17786213090154457
852 0.6572491111824595 0.5221623226463514 0.8875572118879168
853 0.21595037626452118 0.9012312906233101 0.8066123595939774
854 0.35527240508827185 0.43125620372203677 0.4765388702189324
855 0.8703170247560184 0.3390166282270166 0.9349484434178091
856 0.13412159415208968 0.8384593838765692 0.1899701563514613
857 0.9357463703034715 0.6181655687921501 0.5111255586369249
858 0.11833651543702961 0.3370388068364095 0.541857404481694
859 0.51971888517515 0.788788610998921 0.002433087912411702
860 0.8052940520536983 0.008495050488098177 0.5125996247189334
861 0.705690921005288 0.6158668500343345 0.1640541664701799
862 0.38710163653667196 0.5856020183677936 0.3952743250237356
863 0.12818014562005764 0.10206746969524227 0.6839886763766491
864 0.26218467284049485 0.5066857016724975 0.8169406587506824
865 0.35568893514712996 0.3418972776080047 0.5161500132348097
866 0.4465797734138127 0.9144974500920008 0.5412874530303192
867 0.35520886530715867 0.23487307193493745 0.31261820103786975
868 0.3401532679134496 0.3513259855664801 0.7493676676189253
869 0.4728895711263499 0.3557923256065866 0.2799198879215813
870 0.04682792242097833 0.7829425256958034 0.1283584515628845
871 0.24563357135769104 0.7736982817931056 0.610672204311517
872 0.47358457197956627 0.8523199228149644 0.9187305181663127
873 0.5645384216112111 0.3606212451433668 0.09198486226698943
874 0.03438615980654858 0.4363261476271001 0.22309893992211083
875 0.2113001890964633 0.24269652589097135 0.3761896963493683
876 0.1450964777284539 0.23141774320993003 0.7379527700009257
877 0.060751078007572845 0.03410401675728336 0.4608575030463862
878 0.8750391098076832 0.8714201378880568 0.544995887837863
879 0.2527822400161752 0.09011501139809397 0.17108623403467893
880 0.5913634971104784 0.742786529240058 0.1676125980239357
881 0.7176183117575612 0.7463513159233971 0.5924706028092059
882 0.9467902318053771 0.8216691921448604 0.5412589308536861
883 0.33610338509520443 0.9285326721304499 0.45191157533733317
884 0.587410984569866 0.6707829828887618 0.6495353548396465
885 0.7885125438431622 0.08791496204829297 0.19554078264155894
886 0.7333440591674133 0.5246495686914819 0.7490675810085726
887 0.7300685208099493 0.4615267351674788 0.4219392319165992
888 0.6173194711098081 0.8792665623522385 0.30575989428923145
889 0.7372426583914268 0.31612261099417194 0.06452770665804863
890 0.24322913716558847 0.7858323369560186 0.25749969220614466
891 0.3527291836297003 0.48888876512223634 0.7514603661290369
892 0.9291113800390847 0.14698350232791357 0.2526601302774695
893 0.14481431056434835 0.4429891065591981 0.3302477996417804
894 0.2168782115731629 0.18397152716855725 0.7623826519076327
895 0.7188465226351001 0.08008917225716794 0.5625520623520663
896 0.10929648538477343 0.7559330732817938 0.8100394999793588
897 0.96588065257987 0.33583277628932573 0.7375190209674097
898 0.9726114566162062 0.36309126097467403 0.10363806407963272
899 0.8866579300990614 0.2873782920929243 0.21004196758387872
900 0.9190401282676944 0.8336912255726737 0.6218722311414988
901 0.5138253707153111 0.058315487139625644 0.8291206511243824
902 0.2821386480296968 0.9385551478444685 0.6305829850950383
903 0.2570565235370398 0.9223755436180875 0.2021524438184228
904 0.28300160837262056 0.6521888143153712 0.6932538750565892
905 0.6348287341073964 0.9329532475052054 0.3682965108590589
906 0.34907273369171643 0.7316492196575785 0.5225557920379187
907 0.40023181270679764 0.8623484301911536 0.9486677329032898
908 0.20635893390090942 0.3123696184278931 0.569967346784087
909 0.7732662820804949 0.7865160403022603 0.919462377871253
910 0.09551031163959789 0.6064850072269607 0.7536156825790781
911 0.49430049235665874 0.26748355051570516 0.25467928817153773
912 0.7914011750728492 0.9991523272753634 0.5314919772287094
913 0.20528811774136857 0.08414455275421873 0.6781868489325713
914 0.15376030711743993 0.06512892242628032 0.07922149363884246
915 0.23641117039931414 0.5888705183886759 0.48609130019765356
916 0.8761455304262402 0.46858324567638765 0.7527267549070513
917 0.27211347837659494 0.15560638540177596 0.19340408007062937
918 0.45230477726970963 0.29913930032422664 0.40880849736630986
919 0.016847535135788294 0.49013645778372306 0.9056792981739571
920 0.7764088387493552 0.05187746245147451 0.5971156027636694
921 0.48271803644042766 0.2766792191535712 0.45711378853209605
922 0.09015818707261747 0.1604330156646876 0.4960230693847473
923 0.7067048280056938 0.8582380472745484 0.8578513172367219
924 0.07618522776167946 0.9704284372764767 0.32974268533783113
925 0.9750952411207889 0.5796506411162701 0.8112607538917785
926 0.737410908224194 0.6164051196110266 0.9660336950301374
927 0.7178230363538791 0.8445539958249505 0.36401935099317784
928 0.1852265634121023 0.5925609271993675 0.6999993573603994
929 0.41536716522188255 0.6343528699130199 0.9942919145223407
930 0.41120850207567217 0.5305768151009291 0.26196907106307077
931 0.8518629035797054 0.7713200898006303 0.6423431295059563
932 0.3234282930006819 0.6825093551054366 0.18527843197649463
933 0.5700539408861276 0.7631796362292115 0.7881912427265555
934 0.2588559251254542 0.42478452315326476 0.7343115845774241
935 0.7859375505997898 0.9467586688726941 0.34314080743654163
936 0.7129113306975677 0.7663980691968304 0.08345791939800506
937 0.12054480130553336 0.2118512268044196 0.2625257653098454
938 0.11552776937959575 0.18479665959083613 0.47646064572342683
939 0.008647719559189082 0.3540981407698649 0.9009723742749736
940 0.813376358609981 0.43995269827921313 0.6448614812367941
941 0.3396570761975797 0.3293679446444895 0.7450889844860643
942 0.012661462816315971 0.4097249191686604 0.1395839412079639
943 0.31523554158049183 0.8628181856606879 0.722732976243579
944 0.7343672807484792 0.48093898235192367 0.3239881324718773
945 0.0009210720464946087 0.8089634728136671 0.8737970394110464
946 0.9971477399417047 0.8650087186646219 0.8373622435323987
947 0.006394749206419359 0.7827088882937634 0.40760064393158857
948 0.09703779133707646 0.8122863526666434 0.7514911193687142
949 0.16150257153077052 0.07549522002824904 0.26175950748559806
950 0.18937957567596742 0.8092002472305646 0.7295500325125038
951 0.008035588340783772 0.11776834174065265 0.6391213667637504
952 0.9135731969190864 0.421694141383368 0.6686218065473883
953 0.6012648505277371 0.35604012502931237 0.6996800143562433
954 0.8249876274128629 0.8977882724942378 0.5523368722276946
955 0.3834198625485936 0.7142965369527209 0.1485964501238758
956 0.05095823139843747 0.8858971424555807 0.7863693091928745
957 0.782061195329059 0.5013741862480173 0.8296904459241747
958 0.2673616947271559 0.20728482188382102 0.19223482782949552
959 0.28086117654762777 0.3145576550698693 0.48780849164378204
960 0.2750189440255397 0.3252206876367474 0.662174434072394
961 0.9613452287872727 0.36304196475872985 0.7864603774309362
962 0.8189954005441348 0.7723494388747547 0.030343863770090462
963 0.9647315482061546 0.8128406658064161 0.2597368826030313
964 0.42261348726723025 0.36709873001918336 0.13537795794699714
965 0.24337698189459844 0.6512949294663288 0.43579145527327245
966 0.19111521843216683 0.12578917339065554 0.003680749312128251
967 0.44772083129478746 0.481272734902391 0.8121764197549872
968 0.14003412510003777 0.028684395647165184 0.5342144914304131
969 0.4418524157807854 0.39182083606022533 0.2865350863168935
970 0.12675121668576683 0.6534378190735374 0.7377851761540506
971 0.6754651982908272 0.991177043359396 0.12079100599008175
972 0.9103788045757719 0.9697775644971734 0.36974658714125364
973 0.1247214815252553 0.35831042497316634 0.19847868109721378
974 0.9212988588356538 0.143853792866939 0.8330032014919178
975 0.9545900837071665 0.010749169576158013 0.0891988420410561
976 0.4067160992378319 0.8267367244462296 0.30533473473226325
977 0.9899950837720345 0.07295478506297981 0.2960337845351374
978 0.9208764637531274 0.8504589902963249 0.06591424133732504
979 0.12494710530056008 0.12897912241276477 0.8641580574419511
980 0.04596242162493602 0.6953287626183602 0.7041794121448464
981 0.4858249152423707 0.9303433909051017 0.22500132220104874
982 0.4847339091447377 0.5050730100284412 0.23804912932901012
983 0.21729989767548774 0.9754376523800552 0.7572964947102991
984 0.9214876903789513 0.2641465118971209 0.7868997666009796
985 0.9985064576060322 0.1901590902236172 0.38171225412761556
986 0.7372078408998318 0.13872039482876553 0.40425761394244586
987 0.019798893721651778 0.8014987649415412 0.09540376839857179
988 0.756327951723817 0.5754244477742895 0.9240910878087337
989 0.5965259975912787 0.011128746327967232 0.7982301306420281
990 0.4999188555350065 0.8678571314078684 0.8345585710792524
991 0.5096367906906093 0.014693564652942137 0.20099936563819498
992 0.4100636371284617 0.2662371329875254 0.30674052143296326
993 0.9447877274925418 0.6370467760050954 0.049210815529773466
994 0.44010686460943704 0.8967101522727794 0.9807538665941828
995 0.9545633983261189 0.5025501343075492 0.23799189903495233
996 0.21404454108765525 0.52924750701187 0.6440861307607304
997 0.24355836934895925 0.6702851791001444 0.25729316763709953
998 0.3506093067787206 0.046489010859014024 0.0859583958772282
999 0.48812375165390676 0.5657269750983571 0.16618253044376052
1000 0.07682017614583148 0.762269530227157 0.9666546230233563
0.1