1 0.13411049587479973 0.627414009388799 0.05569813371360621
2 0.2902093239993999 0.8299774889445901 0.32537622431309265
3 0.7058414949717547 0.03366542737266631 0.3966519369148529
4 0.5136126583887082 0.6973778211979196 0.651685669692249
5 0.9763101639975387 0.24923160536619848 0.06393657280066567
6 0.8729823655285169 0.7718963788148943 0.6593323497554167
7 0.01386711052571954 0.9878484810032583 0.37909044482245635
8 0.47442353861938547 0.2495992365461669 0.7482607887244771
9 0.8342211619295675 0.004274019904405568 0.17197818264054976
10 0.1333510192957933 0.35648746824027255 0.6099398643727524
11 0.3211332787930691 0.5736495561494973 0.4866792043923911
12 0.907836501343887 0.31508927274251086 0.3723233973761456
13 0.030554839126859745 0.6425219797886587 0.0696512423690896
14 0.104229682429123 0.31636597063958005 0.6913623124099588
15 0.7187706454961584 0.34904016056538056 0.4053125865133541
16 0.9079562947958691 0.2312469318718785 0.12568771217709096
17 0.9335481193145164 0.29302173331437276 0.7165009035508584
18 0.7586555848989003 0.39211515003042874 0.024386228671772092
19 0.9041722246013487 0.3599921684909557 0.20486446736173436
20 0.9088410111313691 0.1711146818083059 0.7329993870736249
21 0.3838344809355181 0.7714743959842365 0.37773167227723814
22 0.8306192510265831 0.728121239857824 0.1798105998440287
23 0.5763719386878622 0.8179825299234479 0.07206090599779824
24 0.24585336755755083 0.9918245544000083 0.20552338509919033
25 0.5101402538694078 0.08471156955111092 0.5808205592789977
26 0.6206571165257314 0.2020755421060263 0.4337226371795211
27 0.04874681426884364 0.668381482781983 0.994082050023154
28 0.9467291780546578 0.5897129883655704 0.7463325750337901
29 0.26103695492034107 0.6819696507585926 0.07240380713598815
30 0.4019335482968799 0.5690337119897156 0.1965429290155032
31 0.38960360313646136 0.15386930661427445 0.9554038828018183
32 0.13524033379623834 0.9216257409081235 0.7551690591269113
33 0.8722332115618462 0.0860889565262084 0.8706298130561488
34 0.3356806342403028 0.6212012639228625 0.10072378459462206
35 0.10772304140463396 0.34073826058311674 0.40876829312532237
36 0.5200161588046159 0.21090812883672305 0.07482390018920315
37 0.16451876508472318 0.0345721910405703 0.02063110318677097
38 0.904321862518356 0.22560711358714935 0.3225638435589241
39 0.00866795851037827 0.7359384005895293 0.9007438349903244
40 0.39152476925545143 0.5410980619916672 0.33783043382886935
41 0.6360933386210362 0.2886642753760459 0.293791918040089
42 0.28473841397864463 0.837869228338089 0.6648957993894911
43 0.7720469273965691 0.7999516954937747 0.29782563653283667
44 0.3618386674651599 0.6210453827758784 0.42701013423831924
45 0.8269488931851768 0.5242575232064236 0.8363926712485665
46 0.35130238209873865 0.3772421328023604 0.10410635747677688
47 0.30601469473355447 0.7672213601721936 0.5286763240785302
48 0.5495540452143614 0.671856460516364 0.013724936831671086
49 0.5579724967085514 0.15189179217792204 0.927007587790731
50 0.3812598063938166 0.43953098017469916 0.9010270350340621
51 0.7278528815489733 0.8862180872708963 0.5242276852105671
52 0.8056583955163663 0.8154635253201362 0.710891369591561
53 0.16007506588314158 0.2496243414929552 0.8469870945112555
54 0.8297610329279144 0.903893867039515 0.565195450926073
55 0.31626636897694205 0.978277735406752 0.7583630048214929
56 0.061012924566019366 0.7530326284179785 0.6757197886504659
57 0.22647312691442956 0.22994836958930687 0.050195277564528684
58 0.14137773681190158 0.09913669159201444 0.7889376359117434
59 0.6530789294473153 0.3616402297666813 0.8019494792584572
60 0.747430557517057 0.1327048674943151 0.2615700324167626
61 0.9587808401527177 0.09565011736538043 0.5975633678107197
62 0.4630563677058934 0.730313321196549 0.7605204442326863
63 0.7906260039479148 0.874728752161587 0.21369609119208544
64 0.4866755823056004 0.8455209617277595 0.7219359489884313
65 0.5962664716461703 0.28681925953990317 0.5300480724534604
66 0.5563798552037142 0.9910606627406949 0.7900825409758783
67 0.5152082906085351 0.14318392361450727 0.9304763738763673
68 0.8499725358103627 0.7327982100249332 0.982204792858767
69 0.274121844271053 0.7792936266522926 0.5593173143241291
70 0.958317715294791 0.6053685660265878 0.7925337320468862
71 0.0635597292990897 0.8365583826087618 0.7951307961114354
72 0.3735792252466421 0.5139168069235075 0.5310002388294373
73 0.5947311433062331 0.360856733599493 0.5203448076525544
74 0.5049731899344145 0.40774915925188027 0.359901961030234
75 0.03165348259954681 0.9347807426328799 0.6363834716964055
76 0.6113019027272502 0.48694086271579784 0.4378695525616805
77 0.8682252801673322 0.9743529765094668 0.9691609777334583
78 0.11732473852180425 0.3968674987267642 0.19571563995682084
79 0.05652501661845566 0.49015859952110263 0.213227103833305
80 0.7141151165624315 0.4768047559041507 0.8515014263177509
81 0.15343584193688442 0.04477089139100421 0.6036753272057358
82 0.24226828282544977 0.46764541500379 0.8041229634724633
83 0.0957473217480862 0.7416388906857853 0.20494063494260706
84 0.41006692815968837 0.18964450327136118 0.28519982956441536
85 0.8760977454447675 0.9714843788866118 0.5910668857169628
86 0.9817623814838676 0.13338938635955966 0.3771065042131395
87 0.05449045686758702 0.6187115173821272 0.9092595599974583
88 0.05801244387963922 0.2880635395306379 0.7780890974094091
89 0.809119291950885 0.9516539361172606 0.07581163013412728
90 0.8456932141099205 0.5822082216288639 0.1472149784958613
91 0.07086205199946694 0.9216656934094596 0.49956877178654624
92 0.07660490336938552 0.5142964907528799 0.7548694713939321
93 0.40315140310531694 0.8159747205718139 0.3178599142377796
94 0.8616735977900629 0.45703468330317165 0.8020694263133136
95 0.7221024131909778 0.9019280121957165 0.7969016438219928
96 0.2716274779131217 0.1276819405066264 0.8238992960496656
97 0.30357572694893675 0.6172245059160111 0.899265625204613
98 0.596406261919466 0.9665758355403227 0.5692341651798848
99 0.6252025369150138 0.8814952735928774 0.015124622591606296
100 0.5070096535765197 0.7650329223542719 0.3424680066185487
101 0.7749714991910434 0.8100755904897756 0.489278416317817
102 0.9903497463353862 0.2977596030442414 0.33453848854830126
103 0.6556140566483277 0.1878707360186449 0.4085693110606772
104 0.06607660193494591 0.2949997205256851 0.22044493779001562
105 0.0009707101545887165 0.2656524651424049 0.5633259686642639
106 0.5439171435441449 0.5445656303867759 0.20255553776621427
107 0.13945397676982374 0.08112929336700714 0.08243051825141623
108 0.11463789284696368 0.8681611249066696 0.7974524558164885
109 0.1980009831325883 0.7656338741321684 0.29785721049094893
110 0.8351418491384786 0.5097137571798152 0.2373617915996461
111 0.45318448528950006 0.6928969134933468 0.4027769830660055
112 0.05251734628954685 0.06465983081537219 0.13216260214062525
113 0.15346513394946304 0.924861687018341 0.7968703792930588
114 0.980111877659527 0.014801226823566327 0.9850844201526044
115 0.9185164244401817 0.062157799315847195 0.0255084973636438
116 0.7176917947586857 0.5343092304431611 0.48280436096587687
117 0.43896709562449887 0.434767548533068 0.653221432022283
118 0.49702922381921355 0.04852395124027087 0.5824989130586691
119 0.7420633197362677 0.8387495977893523 0.9523419113803084
120 0.5998586703166862 0.7717287233676849 0.9927290060764957
121 0.5542511530397422 0.47122852121107983 0.9156924602644553
122 0.12930942204957252 0.37111970842476927 0.81011826874038
123 0.39040879814892115 0.8853722014261909 0.3578176009278067
124 0.5345692824148007 0.9850014906776656 0.8585570371562687
125 0.03237723328151987 0.7495208149819955 0.9075469764939007
126 0.3717321751795405 0.48991894946979975 0.44271561865707976
127 0.9092356475691203 0.017147827617157052 0.07103229100863617
128 0.4888884373241238 0.9880000365705834 0.4463115768151006
129 0.44233565176139034 0.11008351060432531 0.3342846763234133
130 0.18371967841389958 0.937474631611765 0.5846260271805763
131 0.04120173866740817 0.32446600198712994 0.6748438124639807
132 0.1369648441626894 0.48408176715495 0.5754680269694443
133 0.11941720585949267 0.7849218107934576 0.9551881545888783
134 0.24971326966571727 0.6312615414285556 0.1817611837949541
135 0.8749908594794285 0.3749892212923409 0.6450131605027325
136 0.9264027099957888 0.31041068018296103 0.17666251033423164
137 0.36849307382127594 0.35981990804163866 0.717487929079237
138 0.8540514726933708 0.17701561311407343 0.828909304293512
139 0.8372570373082486 0.6081395078423847 0.41569182924133086
140 0.2971691150680851 0.8835286043485423 0.17970729893447368
141 0.5824490547920365 0.2640456196073139 0.10542115742255087
142 0.43450442690570845 0.2496997056216098 0.7718828251248163
143 0.7944647162306696 0.30480628785558583 0.24996919212283553
144 0.6309137486416981 0.6757240334200327 0.6380552991531251
145 0.8480645113515959 0.09316525049073898 0.32330127380272633
146 0.09524797070555968 0.7275365773889768 0.7678852035029634
147 0.036986217727772 0.9086665847674553 0.17123232281354428
148 0.24288761876645049 0.7700723605980807 0.5142817379917568
149 0.08812500767846798 0.7282530669150711 0.8692547373517668
150 0.08082551439461882 0.6387161309652492 0.6338057400676397
151 0.5856899395535846 0.7200913104117602 0.831377016793708
152 0.9424261963102488 0.5177281590673333 0.8477764330657818
153 0.8577028453846973 0.9048687034305509 0.4528306498902238
154 0.1796106513730884 0.08607264142028648 0.6385413760949603
155 0.7679009946746593 0.07557781543190756 0.412694332700984
156 0.05446338270742346 0.023262460730816503 0.7787557676887089
157 0.49982980891193685 0.4601888405375977 0.6485731658885387
158 0.9539845903143098 0.5462771546610631 0.16945272146362145
159 0.07742770729483239 0.6221122976922595 0.26562675282343307
160 0.9186756086791532 0.6608653374529171 0.23074466549315054
161 0.5098231400436924 0.81385993730838 0.24296380174694288
162 0.09250429564851204 0.629681207962428 0.1777738122252196
163 0.017080657771793795 0.9085564319962619 0.5908486909667064
164 0.8266018697722868 0.8407035571766354 0.09071891949314859
165 0.5537440816702343 0.10933144634400749 0.5298169884662145
166 0.16845543836237487 0.9851995208750258 0.6106441345000764
167 0.07251233398657331 0.20615911277469334 0.20160942367251355
168 0.8926817860596177 0.4179348336881372 0.2863339224849104
169 0.5488384913246221 0.8692052975861803 0.3855993800662415
170 0.9107917747684974 0.02650342890226809 0.3567820995918327
171 0.4708965272063076 0.8248779742571973 0.9520297508687569
172 0.6200555201491513 0.8690535500794201 0.034842192854535714
173 0.4416945001417312 0.9423687951755382 0.7589637683575725
174 0.7352098930124356 0.9234516335599402 0.7561837132151861
175 0.2093694780968367 0.4404871600745792 0.8212091380532296
176 0.7982489927417667 0.9266210816992603 0.7818653263028308
177 0.5959418477462423 0.06752882134984006 0.7600483710570606
178 0.5872961282056592 0.08363931266031022 0.49724161361598584
179 0.6403277930292991 0.3307544373100073 0.9868955794686576
180 0.4979935599827755 0.293839936839399 0.31815349815544536
181 0.29937878695563314 0.06844166082121483 0.4182117509423895
182 0.6344551387186375 0.47987814062844214 0.285883331120384
183 0.7394062598996592 0.16875477595452948 0.4818300591744241
184 0.09550029050185815 0.8055530746739146 0.41861962171489
185 0.4004594443074013 0.8508741182639965 0.846796439302049
186 0.7064566184187423 0.4479010941050491 0.17391858201134047
187 0.0003243020689956966 0.35605519643617534 0.8863403653671974
188 0.8176513287910124 0.042064223486925845 0.10477473013369731
189 0.8247345493761228 0.2688417514724052 0.4158200812622779
190 0.9827045557807593 0.2493274714959952 0.726621801912218
191 0.38939559853246986 0.7944297356332264 0.22226701856132391
192 0.8091448398084072 0.7632644773993601 0.6822967609391317
193 0.5536014527586194 0.35253542816545624 0.7538977183862129
194 0.4232438844276535 0.9658046815140359 0.48764401748924247
195 0.6243999275639245 0.7708329792916209 0.29629473487170754
196 0.7648325772766179 0.4731016142317157 0.08403807154768816
197 0.7564192816448939 0.11284761993494086 0.5659643009797415
198 0.5113983841520922 0.41725384600242954 0.46408459703602956
199 0.8623261582386706 0.17653168452809098 0.8666288002886563
200 0.42826159142785825 0.9936572984813937 0.4178694378040534
201 0.2880694763901578 0.21893092260349023 0.0451012627571602
202 0.5798862166753301 0.3310449225198121 0.8830329476419755
203 0.8079352532192876 0.7436387791819694 0.7857370307890075
204 0.16166443726983537 0.4392996698928894 0.6018034302952903
205 0.008261565711728092 0.21273507860575414 0.01631040649987381
206 0.15763003240979345 0.7699172018200757 0.12701680882912258
207 0.21348035274346433 0.808928588205735 0.786034205843197
208 0.09182279545989713 0.8884313527425152 0.7807177623996152
209 0.4471370905502514 0.8562036665793379 0.6192820661755893
210 0.20252900159077358 0.8742319488980906 0.630270997125667
211 0.4206817307735413 0.23706501366484 0.031201327052518435
212 0.36873303738959484 0.09819407103087752 0.46072470282460676
213 0.009098996205581966 0.5015195983911019 0.8406062153460678
214 0.3950527451130412 0.4274952827101989 0.27572899963155395
215 0.9072149448506005 0.07190484660453833 0.2988575444654168
216 0.3492234228598139 0.021088883405738446 0.5246699225394977
217 0.7538645184461293 0.8793519502145097 0.6143927488138672
218 0.4672529591084329 0.12925686390347269 0.8725845831998847
219 0.8537486782232707 0.9752122359640417 0.9111618843433495
220 0.18819899554034836 0.6725521967633188 0.5839959353562633
221 0.23378705083779783 0.7520723697180123 0.5629762531303177
222 0.1859159274749722 0.6249636575960642 0.9893089269527249
223 0.11910292878540463 0.9361863217524985 0.2062394402680291
224 0.15722956038026903 0.1568038531201117 0.4573597607940225
225 0.5361689565036509 0.5772302153720211 0.27761756879926924
226 0.7732064788765145 0.41344345269866445 0.737837006648436
227 0.856401855676492 0.15112101934204158 0.5760337463466803
228 0.40554276516706667 0.7042737223941944 0.5451258003329418
229 0.4837004794556722 0.8949026019922203 0.31225880661959904
230 0.3405970358306373 0.26919638245629474 0.3318802208610847
231 0.9677495330783685 0.2940517174885281 0.5633238251924919
232 0.12283710725549335 0.9252140088050246 0.3733629756779995
233 0.10376469288608536 0.7850244158155879 0.10699319143174446
234 0.6976831160746333 0.7817289448078567 0.9742519526789309
235 0.8366637611841939 0.27723836194159324 0.34606976702936587
236 0.6676437555552998 0.9553950203319759 0.4553023493550836
237 0.26924265740903763 0.5985429342594909 0.8004797809390847
238 0.8585871972607949 0.24069922621377993 0.35782122757562596
239 0.16309226893080797 0.6123585039370234 0.022007368280984596
240 0.05306735452123057 0.2388561288444908 0.3274330811277869
241 0.09891567221349329 0.7338584415086106 0.35376251597513286
242 0.2500492531671248 0.7065950411358838 0.1778314813873194
243 0.2721007776163914 0.625073799322336 0.9280699170420379
244 0.3864982653864121 0.8644824600040786 0.08510459997591235
245 0.40234361876341396 0.0028223035740966296 0.7800081427979991
246 0.5185483733397398 0.8295949388669255 0.07353897644186635
247 0.2738579305972113 0.6402471487442031 0.5958035300398153
248 0.8079191457264763 0.9157609511051028 0.7275332865041406
249 0.7751830956902601 0.6834230522876378 0.6300141889797641
250 0.29156226861901835 0.060334373187045376 0.08246685394922615
251 0.26615489366233847 0.38509573503355854 0.28998810472689107
252 0.8088675083196962 0.9611582610580635 0.22266702506217217
253 0.02559534312940226 0.6676127541324113 0.9145642590476923
254 0.8890669544024982 0.987861103340596 0.37146013062115646
255 0.8041057097514512 0.8453513574657637 0.37142488689048836
256 0.8339469211543894 0.1607780669747495 0.40608713230223836
257 0.4641635337519322 0.1402113857567412 0.4255068370777223
258 0.5494114577269046 0.883533166405713 0.6703737645987476
259 0.26654968361517706 0.14114153942870833 0.07177758581697269
260 0.24447429018470024 0.02610564378231317 0.503242889853427
261 0.14003400857569337 0.4933337494228288 0.8496942103284658
262 0.3462917485792959 0.3304919366043966 0.17095908376630187
263 0.0561478615241503 0.36266337570262397 0.21979286398000053
264 0.5134565771133174 0.5276078609695846 0.8290487169958916
265 0.2351716054293772 0.2230577831621825 0.2813870949764584
266 0.17362130268196418 0.5377732346624792 0.31964303610796874
267 0.6254988210111323 0.35222300477512103 0.37552402449505307
268 0.7432285914348057 0.8957903931416443 0.06828727980123184
269 0.9159249799639413 0.2954739527421336 0.6016071169941348
270 0.6228502553278772 0.042318915580301764 0.23755735581312276
271 0.6347439423565386 0.2152191080398751 0.3759628748277064
272 0.9881708475459575 0.503830140885962 0.16257031794452936
273 0.858600938686339 0.3287797342951957 0.4314860617538733
274 0.1478178504709582 0.38253805116489004 0.8111209632589307
275 0.09169532598433328 0.9752432520611859 0.04402772610825578
276 0.6357533990837366 0.9992673698098541 0.130432235125025
277 0.19771552810325166 0.2546541219240184 0.4695566729697612
278 0.307725769079775 0.9734213628548323 0.8001871946537857
279 0.3146253265818786 0.8637756526387798 0.5332692907044202
280 0.49224289030671775 0.3037421534767263 0.9948048082591123
281 0.3230263574147828 0.3868016590048574 0.563204530469534
282 0.5467348644257001 0.2540683432146206 0.40055353200840493
283 0.05768453561398856 0.8988551304329051 0.4311246676992304
284 0.014272574954818595 0.6523453583285351 0.47823023728950553
285 0.70106108793205 0.9008969499398658 0.9878385344504738
286 0.3455517021548473 0.3748068088099742 0.856727225263029
287 0.5554078200145236 0.9368955009248379 0.4504215344969721
288 0.47979131256764873 0.9859089350923842 0.45754577280963016
289 0.7826286825355887 0.6487158885142198 0.3459114481276202
290 0.9417193380956933 0.035297361044806186 0.7672287582234818
291 0.955946274995833 0.8964910309681368 0.40706570797850916
292 0.9767969113281724 0.705366288242691 0.3341035288870333
293 0.5141903785963481 0.5247236840685419 0.10967307964984241
294 0.2236145053794184 0.23534964493941712 0.2862992827715233
295 0.4263763885474402 0.9575298202898427 0.4380286362104244
296 0.23977996757946074 0.485829138973911 0.5064098270484079
297 0.1660781043584303 0.816757041495124 0.9400146153238315
298 0.8127360263831065 0.3291250458031131 0.954180337101834
299 0.4706935274579712 0.18605310246021267 0.6167799202508903
300 0.45632082457288936 0.024358614050729144 0.0200629172340272
301 0.05614253715440498 0.38473861470814175 0.3565722634725442
302 0.47320902167752854 0.19089246198670273 0.25725044467388447
303 0.6443260884916849 0.8353349594853885 0.39831424001104077
304 0.9471435236672915 0.06679765124535975 0.5486100936540662
305 0.7006041966036448 0.6660630469585591 0.782329044215526
306 0.27422292348054733 0.06340803324818955 0.8981664386089806
307 0.2691927741607353 0.19578704247882572 0.02550201024073362
308 0.5084010089582102 0.8123885525805699 0.16968825697606538
309 0.3820100245186645 0.2506366575051352 0.1033299528151731
310 0.5544973365669598 0.03382488336046929 0.44140135303755224
311 0.6644044113953473 0.4722894692450482 0.7620761245484788
312 0.10467125312551229 0.2979387014640077 0.7096116103541434
313 0.5040773565966735 0.8928433156286685 0.23495389188203653
314 0.39514672205822554 0.2940147549951052 0.07973298420465058
315 0.1498317417601086 0.13142461824026686 0.6750617169785252
316 0.8000368517960915 0.38116955240035155 0.14687523258019808
317 0.7608077121710162 0.2584369186392783 0.15391287802271514
318 0.6471870634706492 0.015838129503785492 0.0007945336518756507
319 0.876245587154795 0.16804935785810005 0.4894213012329899
320 0.36983756262065703 0.9341938556044129 0.9709520461944364
321 0.48721355879918815 0.4128801822297802 0.21096528048776975
322 0.691605927944884 0.7798157931836248 0.13252078993316552
323 0.40498204961622297 0.15474320414279996 0.1384371521583454
324 0.8589136408156373 0.6699272757331367 0.4546476284914208
325 0.9821727650214193 0.6631428393170918 0.4919948572445172
326 0.40245595290855984 0.46803180045798576 0.8629261343333456
327 0.3437484482660147 0.8357770891332871 0.7444521378693468
328 0.817996174513393 0.40863253161136737 0.15591421168210917
329 0.0773629843335808 0.10251529823318284 0.8022265396295256
330 0.4782507697590963 0.27506490656141236 0.4981309019929512
331 0.5176736466001214 0.4291732765925447 0.8884654640561959
332 0.7903469223704187 0.927490017359323 0.6842558617663137
333 0.7088383978452998 0.1863008860791886 0.11774708520158894
334 0.5163986410048359 0.9412367706851528 0.14606783832316328
335 0.11940630712830869 0.7285078113451907 0.8018468230936664
336 0.01783309992151416 0.6318638695234443 0.7294435549454487
337 0.14286475259060616 0.36790474135274676 0.4764445603396803
338 0.34189321584216126 0.856675486815124 0.9207549024940676
339 0.8489646286579615 0.4576592655882029 0.4625513440430288
340 0.3829239300566152 0.538226083430418 0.0575394559453688
341 0.6757442236222987 0.9669039605952825 0.5469948065371004
342 0.2395055785812218 0.6718010134735107 0.4028755415765919
343 0.9811205359210855 0.016028867897477594 0.021658711486363336
344 0.4336877338987454 0.6585290226128299 0.9914660797018104
345 0.8294569762496723 0.9038230221840007 0.5625542634661415
346 0.8791807704002553 0.6466509003187936 0.747666135370038
347 0.31075683578206637 0.0885949972371518 0.6344770426788215
348 0.5158185046908003 0.9801259389655098 0.41910116832885713
349 0.10593247274769968 0.6745989214853018 0.9745772893288622
350 0.5377178519977064 0.16476397731129955 0.2576410725870264
351 0.2054788811725754 0.27588374667203663 0.9416857717751804
352 0.1251910313912259 0.015121426737228938 0.3644230791776678
353 0.8163238200439568 0.976033032574648 0.7384329292699079
354 0.19852059584050163 0.7209630197870938 0.04471842920299196
355 0.5884548639790943 0.007843255804670934 0.02836330089090877
356 0.05196436045764319 0.8120978104396306 0.13165836335516334
357 0.03830843484006985 0.4415561218805849 0.1640298372273663
358 0.8712887646039073 0.21757390492907447 0.8793739310983681
359 0.4018681082053642 0.9624717655934512 0.3703070628541951
360 0.7613204866963165 0.3846505873237446 0.015491873790835275
361 0.94180624230283 0.24017550149458944 0.006197120441871262
362 0.3470714216483938 0.6113646672361497 0.9589837550706498
363 0.9691486733975385 0.7674631211260124 0.5694107962697629
364 0.9093468761938291 0.6475704894569155 0.1956597751281708
365 0.3675484624692008 0.8625669311200985 0.029861091223566172
366 0.9411796439138479 0.8600083940845835 0.1602144009109009
367 0.15099570521279115 0.1339442403829847 0.23911979713704778
368 0.6731589696140494 0.38265645377916657 0.13977735431060268
369 0.49478453208534845 0.7621312300287779 0.23610847857306583
370 0.4953111494824889 0.33315323551840226 0.3101889303503782
371 0.24378720914698315 0.33461106794493 0.21815087579315762
372 0.7377081600314761 0.44833951944941597 0.35756039616112956
373 0.7901381197244313 0.5148821870065714 0.6906902790509732
374 0.9293510228376608 0.6270101893004943 0.03160509670493061
375 0.904497832609572 0.6747114154532241 0.216393007116369
376 0.8388752556838768 0.7501640296073925 0.6250691764599368
377 0.4496980584439155 0.5496030593415596 0.5373911684134074
378 0.5082252125389803 0.9336026043199672 0.2978300912055458
379 0.1672045167178885 0.795816321213503 0.49575298222514663
380 0.1478304099426091 0.8981838964743128 0.9866126304656377
381 0.7265486367044452 0.2847384390990242 0.730421258941024
382 0.8118657289550627 0.7028491705095876 0.48437908076657465
383 0.9691587250788095 0.6402940391803204 0.5345241815963192
384 0.8604272645758305 0.4649455259322093 0.337540065694404
385 0.020249336796681283 0.1496349969937657 0.02833379456887286
386 0.48750117409038607 0.13641989992339199 0.35655953246707006
387 0.24276168716933533 0.222946946742149 0.2706580215623875
388 0.2941889805057972 0.39957104863448 0.3720452614053037
389 0.760011964127507 0.8414600931430717 0.6646201101770971
390 0.21686354800987329 0.6586564845551326 0.6770606561085825
391 0.8575341269037168 0.40226304503287125 0.10454773329277556
392 0.8793193967364139 0.005526515641481433 0.33033940043426213
393 0.6600827595762763 0.3150052613826442 0.6782473444498266
394 0.6308510051368008 0.15039783479456736 0.16654984732237743
395 0.9057608343351699 0.6615844959648217 0.09526913198559417
396 0.37727519270164134 0.3991167204714705 0.08663126864841697
397 0.8631102191013612 0.8787483753498891 0.44563331905824033
398 0.6966614465765433 0.8713253383257141 0.15035490175671418
399 0.913277013071035 0.4512764425668553 0.41312017106827204
400 0.4554313014487782 0.4530770617977531 0.2704344224402826
401 0.8310095321313988 0.2710812468555204 0.4103530025881905
402 0.13968835971647642 0.7239786980142825 0.9708118717403537
403 0.9200352943425256 0.4750436724252315 0.6024322154709529
404 0.32744889934027077 0.3760201060727324 0.8969974033750314
405 0.5737529435905496 0.10285991402901484 0.89831569178686
406 0.32560246271193827 0.25108023993822937 0.35331165554980315
407 0.44025200791103636 0.947218901241493 0.3318774812429275
408 0.5773717858770909 0.5229679775342162 0.1556926205632817
409 0.6444358608180362 0.7142354822138556 0.395405635737095
410 0.77923034541078 0.16851376258710782 0.1209798706292371
411 0.015079952857637857 0.6550980525382785 0.594217849854437
412 0.21518394294055532 0.7574986941185469 0.43888162645563045
413 0.707749032694936 0.7861299984272933 0.65329668983595
414 0.8405894200596598 0.33822176974025775 0.955341724065583
415 0.19289130488256656 0.9541702388923601 0.5762904340579309
416 0.24361810239414805 0.3331143120938028 0.22811631449854075
417 0.9484115229059712 0.5657583761741398 0.9825961416032576
418 0.9663558801407143 0.03440231415629924 0.187744079417986
419 0.7308443221689065 0.0964668670856147 0.6952940782772341
420 0.7299242831956845 0.03427960945002961 0.04216715629623635
421 0.1974397809167432 0.33018269701564484 0.6359017542810219
422 0.07108322886339857 0.8019717397458159 0.9024605978099316
423 0.2381320394191836 0.3450057874398669 0.6354384272322562
424 0.829464973470369 0.24668966989776764 0.46205400096885596
425 0.9560357925970586 0.04490894471434448 0.6746026991711921
426 0.8069106306921597 0.5479525255814837 0.2363978510917788
427 0.9751369847889289 0.0854580101950988 0.6723908780002034
428 0.34335656699287753 0.7088635964407558 0.5422785581985646
429 0.47703949560044556 0.625768977904868 0.30644099563935423
430 0.6746311199205862 0.9302410951502363 0.6669435281621483
431 0.7448433845458883 0.2548152962297995 0.43343767329459937
432 0.9774465440531974 0.057929137623139226 0.8875528308955583
433 0.26959612240157904 0.3104423581482758 0.5834033534166997
434 0.5491266252212136 0.39710202901545466 0.8002424105088188
435 0.13027959393971122 0.25035497567024445 0.1418792098444388
436 0.9286705381480552 0.302334970358328 0.7244425193020972
437 0.07509135461204286 0.018969734527769955 0.5487177661637248
438 0.6366765398524287 0.06532063759439888 0.34771784497800773
439 0.17601974428872802 0.4669861811869196 0.04503353474944938
440 0.19119946479391436 0.2073768980136198 0.04077761747209807
441 0.31950887691798846 0.797308488017113 0.09855783253190686
442 0.6516688411938718 0.5216905753124756 0.4072156587075426
443 0.781552515583268 0.2869594828720151 0.537735329690202
444 0.8991105243370429 0.1779226013048606 0.48893352602326134
445 0.8993008423035362 0.8490169880198454 0.06866343022104193
446 0.41964112076172233 0.8899449836680077 0.461583197829596
447 0.5270628516782647 0.824609259531663 0.9454436515658212
448 0.4443217019749376 0.4427674806517682 0.4356106270513962
449 0.8497400662632126 0.21976290774678242 0.86578641394043
450 0.9035745195576732 0.4292543062136531 0.5811409863843372
451 0.7900816047937317 0.4311590123080784 0.6192305759120862
452 0.9665309138180989 0.16140608784832033 0.22882976748835437
453 0.4305394146951075 0.5793191318777576 0.6817915602904608
454 0.3027870270639389 0.45557079038096426 0.21183562768919795
455 0.8526576071801949 0.8187017209679858 0.0033012309634662396
456 0.3289531746403912 0.1376219440247448 0.6465770459695194
457 0.44347322557882674 0.8168236256377173 0.27312454062288294
458 0.18301858993880427 0.352572699079687 0.4280489750773
459 0.18464371361264087 0.8199143447688867 0.9137317238843877
460 0.32940129724491596 0.6258290786112486 0.6023673267063323
461 0.5998339172654454 0.10614964379602909 0.45956585443200015
462 0.49678253166870634 0.6245962513632317 0.8895137443939886
463 0.8375795015231002 0.8759918563908037 0.03812205580964989
464 0.3468164086415567 0.1380286604323867 0.8539071151488158
465 0.5907076855101938 0.8863454768774073 0.2783672521728666
466 0.8176338213714662 0.15601753491340364 0.31484005909244217
467 0.8170124008950124 0.49242370992160034 0.908046573356978
468 0.7367695791544836 0.9253280516200689 0.2679717249130681
469 0.21665899593665505 0.8177219744192501 0.3639560689272825
470 0.22345333623683472 0.94310110908246 0.832497010935269
471 0.01000618924915686 0.0005307928553429653 0.7907004914069673
472 0.28699945010313854 0.3151289236753134 0.19864521529557821
473 0.23122127732258857 0.30734243494903424 0.6534331664329682
474 0.004240750360176904 0.45162055931441625 0.27938248470274174
475 0.6335023847063704 0.9284942579109918 0.029987208618625583
476 0.15656489202251755 0.33229734510803466 0.515290995053877
477 0.06397630953556999 0.22863392377404956 0.4705783088021227
478 0.1648180332109619 0.6555076850799573 0.1899784660424919
479 0.18885168216732584 0.8716297843815605 0.9424615982685953
480 0.3335309894490299 0.33622662237029277 0.8784466822231869
481 0.7749984605908701 0.08057453205724907 0.828320357827978
482 0.13413628394307708 0.5728787612666523 0.47482696834405935
483 0.3814045776632201 0.6231921177561291 0.621677704902458
484 0.4724002786014043 0.10291953909017704 0.29958801823754644
485 0.9398836891576947 0.5608798816069152 0.4106450546611965
486 0.05249671097772324 0.6969248051035891 0.035341202687877216
487 0.3264884087144354 0.05511143468367585 0.9581078649671705
488 0.8498683864311294 0.5270044528553479 0.4706286076326184
489 0.5586210233975635 0.47188239668113907 0.7286565056492322
490 0.15118863334023303 0.6470984297485723 0.3069128031346654
491 0.10410270762242335 0.2587417094644463 0.8465443886872563
492 0.17254121742777284 0.9705152734437663 0.9883635432637308
493 0.46845073469993237 0.5078821411595632 0.1954447872248869
494 0.2072878997500882 0.3598241158087707 0.6604747377549068
495 0.8726500624253507 0.9474372083186746 0.23791298113877457
496 0.4562746994441459 0.8232714016205839 0.6806533415703118
497 0.42978732924183793 0.4935704998309678 0.9375313391380671
498 0.8984077498218849 0.366601666543268 0.0991294033370318
499 0.6366758935208825 0.41669072433685306 0.5428561058188156
500 0.05216463247436043 0.2205353617825545 0.28729392608688664
501 0.4591923045393762 0.2515006592217456 0.481593075040721
502 0.47107017503473403 0.6327976897176976 0.8946779091075572
503 0.12418579793973383 0.06357285498077059 0.22922780677731402
504 0.6950113442400222 0.31853347080759065 0.9268756593784934
505 0.03131350288877277 0.9480648735186322 0.4929819824029388
506 0.289170015876129 0.41273831355707713 0.7395330550769699
507 0.4678314156724612 0.8489444124128577 0.3889941055723257
508 0.1584727807070646 0.7325602110839182 0.3715189974404943
509 0.3905173359408234 0.7457192541866342 0.3183170499755258
510 0.5366417866662766 0.3459634824136618 0.18727740419752892
511 0.6482964800177741 0.9043945919402261 0.5902470153784211
512 0.6997034557002326 0.042249067197134504 0.5781701098765252
513 0.6819847428434369 0.4463745705154142 0.3507555864883366
514 0.14929095533399295 0.19536247871535795 0.9352368342020329
515 0.07791476630286653 0.7063618550531552 0.06325620928038689
516 0.9535135117373001 0.4804734539308967 0.5121560524431281
517 0.7803053555082754 0.003631536116567191 0.029130862450951533
518 0.03366619758843381 0.219946214278266 0.32269580059216385
519 0.4840561462460068 0.180232569680428 0.2509882859679
520 0.3285054394541349 0.4807279698368916 0.08238193061949206
521 0.32801837668392353 0.5000021448134566 0.47884882579472665
522 0.057142554374882026 0.7658531065077294 0.5915724665272747
523 0.7575573069281444 0.014457703127129018 0.645445969797476
524 0.886860120508322 0.213502125990794 0.212171783584997
525 0.08147179245782865 0.3244356257370047 0.893687106170808
526 0.9554486216470373 0.0703585129521428 0.15137109703968532
527 0.289030866736929 0.8676425088634114 0.6711806301099761
528 0.5784650520504804 0.907389991783431 0.46923976556644853
529 0.4583719976941316 0.4409739213094166 0.3523931113394695
530 0.5520040372465345 0.8080673629846143 0.4450610798274379
531 0.5723527642343272 0.8714605048304557 0.11733869042985146
532 0.11717959871138639 0.6055244665141842 0.07156858258936338
533 0.25549076957673267 0.9520811141385411 0.2053956633215297
534 0.6013623181522859 0.221950307586248 0.18562538913671345
535 0.1554149242193471 0.553628516468515 0.27323125206991217
536 0.19684524026403738 0.8493518473357466 0.849197153427859
537 0.6123307898275009 0.04674836689501538 0.17068172533460402
538 0.7695066972035774 0.6357817266010221 0.1294964189446246
539 0.11005315940117555 0.018754591586940594 0.40330002625921435
540 0.5605286214973817 0.19968925801583126 0.5492902639163421
541 0.8469052353452519 0.3002797540975425 0.17006933791712986
542 0.26226235943569676 0.5861217835728311 0.1594546803606891
543 0.00696552608199108 0.24212629997860524 0.4634239528832188
544 0.8743811116675339 0.6436474861165099 0.2268490978800346
545 0.20786010759047047 0.05066634446128693 0.5191537637079894
546 0.6298982729099537 0.35087289950385936 0.4720947094545733
547 0.841190109673104 0.43292643620246274 0.051766830222457316
548 0.12086886318763335 0.17747134441866597 0.7344023317266264
549 0.40719164329875424 0.1299357848104179 0.01286554916016136
550 0.6496021655858885 0.0439756778780549 0.6833321158837524
551 0.5279965735862867 0.789487182701858 0.510700671263501
552 0.7057051328013519 0.570197069097325 0.6615636522680696
553 0.014829928784648061 0.3036373192910269 0.7350325270684445
554 0.9859033614632075 0.9545533376987744 0.21216550247797972
555 0.3657496650511185 0.9746664560919852 0.8315936426816827
556 0.39519554598932116 0.21612576326226385 0.5709586166737447
557 0.5563742075324764 0.09361679111415766 0.1564590583014538
558 0.17583083166324753 0.5207955849714223 0.5499347670834001
559 0.07560992998075355 0.36158643236346466 0.4265268361452136
560 0.6634253494829476 0.00413478357256547 0.35211459499711906
561 0.502729147977212 0.8099258824395696 0.757642671037033
562 0.7059433785467687 0.56216197153664 0.8164008384045212
563 0.9793389796113925 0.6230420309769416 0.5942005585940212
564 0.24313782764392788 0.7078659543530845 0.33631264926575355
565 0.6875773481935733 0.3921769296114962 0.9942632213083016
566 0.6749844978977352 0.00729180000322216 0.1605193432819253
567 0.6726759034904459 0.21745447118608852 0.23491823437357662
568 0.48103434535922573 0.6007228143191039 0.3554824730689007
569 0.839627057883552 0.5005693088963562 0.5922548017863295
570 0.31256025309379587 0.09781735274698844 0.56469180302193
571 0.18042845467955726 0.7141839620909123 0.3128984572339345
572 0.8117091846228504 0.9849611573167976 0.041652559689253965
573 0.8549622764208217 0.06940187533765796 0.11651193002327598
574 0.1136618549590076 0.37147441066203235 0.683355052742734
575 0.8030667400320621 0.6003137599274888 0.05050197122503519
576 0.5538680582340397 0.5949884329471798 0.16429119816443238
577 0.625501774195792 0.9454522273193969 0.9230665702039812
578 0.37413090287928175 0.6093239423290947 0.8849319492401952
579 0.2505240653508368 0.8537897197535385 0.8571281897342875
580 0.7092946802765899 0.007317471267810793 0.38996479289472163
581 0.8745449069864634 0.5897588882800886 0.8533103329234428
582 0.4420516716351097 0.26571108594984383 0.1445245991113039
583 0.7906122635046999 0.9546637061860489 0.009891791514545556
584 0.2597016340708864 0.5591218303798862 0.5220158370193893
585 0.2522338893534509 0.0973623854302742 0.012171961018028421
586 0.7197387432721389 0.2593852297776562 0.05949882400258277
587 0.622364742518268 0.5840203610104922 0.39844767958907146
588 0.18652408973696888 0.7823390186663045 0.43616398192765615
589 0.09105201213621072 0.11806410997993688 0.12208457662629169
590 0.6079182080776321 0.36756519021367995 0.9188177522794955
591 0.399116613974532 0.7562492983444395 0.582440591396542
592 0.6591354643466499 0.7892722550631394 0.2775448656555003
593 0.2960379373267933 0.36135319493512164 0.31570664136392124
594 0.12447714275290922 0.39733347012849296 0.8233765438254794
595 0.15816007769506335 0.13784375581211528 0.2881792074472209
596 0.5464181444491588 0.8759010907416955 0.5628960615903335
597 0.44645547821169895 0.85066678938142 0.23864658328470145
598 0.5745901051819644 0.8533919252329127 0.5049339307863079
599 0.6858076623781351 0.8747461071228845 0.32713947084490125
600 0.7770307869456957 0.456526926387558 0.9306106129983925
601 0.38478797986253954 0.3560170015467664 0.6659144359068808
602 0.12868288578391218 0.6371376862747008 0.1778913030573741
603 0.3029145338908308 0.6553623009082916 0.7919063192318323
604 0.6772119468552105 0.7580717650203201 0.5695931557872943
605 0.5337218609461223 0.2868342389226626 0.1468062140165992
606 0.41871995901235237 0.07612556324733732 0.6143013703229436
607 0.8157914204840827 0.5240719292350754 0.9223687939197216
608 0.5964705998244647 0.4918801132688031 0.5893967819546481
609 0.8993103250143619 0.8410269730295528 0.33873560828570104
610 0.7712626956569588 0.26772274378053906 0.09264852822862801
611 0.35465053436416194 0.800868030177434 0.03787748684406289
612 0.05851444570743891 0.0005018610968158255 0.7349268522261568
613 0.23965708479639214 0.8472442462072383 0.5602661644916939
614 0.00754351134182063 0.6501455206196519 0.8660702300890962
615 0.29354303495061684 0.6773450767148949 0.2657518626729317
616 0.7029867266609716 0.5657937825990177 0.3385671339682301
617 0.7927109491217783 0.009492883969133392 0.3217818841436758
618 0.6139014198303379 0.5768183174799271 0.16893748240102646
619 0.4277966202449396 0.8390841581526702 0.2786303239316137
620 0.5299013697619654 0.3918821781341201 0.6790831563624179
621 0.9963824164490963 0.45442437337507025 0.8799004019001998
622 0.9325916114794143 0.9889998571171179 0.5295142391533142
623 0.3771995927054195 0.9179703057442561 0.5440572446251595
624 0.8630273613561394 0.1900488966591669 0.19703273758483164
625 0.567530363272237 0.6139848112001822 0.11917394691895344
626 0.6677130999545023 0.36810320283633724 0.6128261768556476
627 0.6919903326677675 0.051662918383696854 0.49134637172865414
628 0.0032462430889341753 0.5810643301061814 0.9166262712142127
629 0.1741236777110814 0.20969201907229806 0.08149335217912013
630 0.3147187413574444 0.5240197708915373 0.2909827512423484
631 0.5706390503397178 0.48886046607620115 0.7923485529124153
632 0.7795405184399735 0.22123626578762268 0.840041067436648
633 0.986480236573732 0.2490097246402072 0.7640372900990894
634 0.09217954999283884 0.183858028123427 0.04540373066041237
635 0.6643673879426308 0.3100652113416308 0.6790569485876841
636 0.7054259821113894 0.9525908990079003 0.6101771780936833
637 0.5590836023341416 0.8876938684629694 0.45172429054428165
638 0.920388251500663 0.41307742771484013 0.3890242013512607
639 0.32033459539669584 0.9927696931692408 0.030649555774168946
640 0.037652749165159816 0.7150654424701991 0.042383542712522315
641 0.8523254771329528 0.5621630767036925 0.8647876443042621
642 0.9374664293058891 0.5080459050186695 0.1168330811574605
643 0.6528890749374785 0.5835714930196403 0.7241010379354258
644 0.7147409634801467 0.9648491997874182 0.023364166257247687
645 0.9978616281477415 0.02328929742765229 0.9457019783625975
646 0.9995423476476579 0.5910144195348779 0.7897121354472987
647 0.8632590680310007 0.11874933712683855 0.41685561997524956
648 0.7244342356289235 0.9040735793863152 0.8452083209620388
649 0.1097964690021851 0.4764922132861188 0.20844356245913087
650 0.1274496050753633 0.1517555883595577 0.23526899717621919
651 0.06214226846188298 0.486380808985567 0.4018661241916741
652 0.08529765710131798 0.11993165553993212 0.7004402239122484
653 0.6196282408021686 0.2286109998835576 0.8258707960573247
654 0.7573111714995732 0.07316324350423309 0.9798748979322895
655 0.19743257974416506 0.7702328613967877 0.5694094860266481
656 0.8140830061253167 0.7140283440897583 0.6462671280977537
657 0.675283733498657 0.04336818608317661 0.5107238963291176
658 0.738829596583484 0.877412438475523 0.31343174759822223
659 0.35062294986988807 0.15752771970356783 0.5275695915048002
660 0.6619896301644367 0.49858476801275553 0.34460881170207813
661 0.3812481405364829 0.5685882011231351 0.12365182540906439
662 0.6385406578174553 0.44671909718835623 0.6874227197634045
663 0.5821127982973641 0.9285700763794897 0.820593700346286
664 0.10628120944087838 0.6645177675435494 0.35555118039159905
665 0.07095946154508426 0.2160833053691883 0.3030308155390792
666 0.7159102653250595 0.6124126765550265 0.3437522566427893
667 0.4022424519644071 0.033103501670430635 0.6063267949222503
668 0.09807678455436408 0.3006480564529742 0.024738556149082602
669 0.853235443551046 0.6933788364365414 0.756326290340066
670 0.659796828459416 0.8333898061993653 0.7258983943440053
671 0.7472311690188437 0.5464726890068954 0.33721627164696055
672 0.5748596126434471 0.8207563560508881 0.1364371436163172
673 0.905818629899122 0.10182122869696941 0.11048124083765376
674 0.738335543021701 0.8593348143724052 0.4252597517841731
675 0.812543813616202 0.7347105199072982 0.506165585031815
676 0.8199508160105141 0.7904519682035346 0.4795342293036541
677 0.870304247598581 0.9173934030533881 0.12251767216637222
678 0.7622946801449629 0.10163790761096647 0.02473278182498595
679 0.3858152629699453 0.543756137955054 0.23717988328367257
680 0.2247787942145878 0.5885787653557457 0.889884787220824
681 0.23899644987415192 0.16106830420126994 0.874460245856056
682 0.3015388668185772 0.6928582453900555 0.5811001454395526
683 0.6380562429841652 0.3884872073762087 0.7890877493747088
684 0.3673526967591283 0.4852798714989317 0.750974619588081
685 0.26100228037659956 0.6885742249623855 0.16391191315695774
686 0.7828984027023775 0.5885569027537793 0.5152839933470698
687 0.3034341386647672 0.3692823581743986 0.9487518959146825
688 0.34196185622454534 0.8079274425641042 0.4547943269630287
689 0.07217748340125918 0.9703892378318046 0.19273312361765593
690 0.3040200379532152 0.2557866477749261 0.24654094432964657
691 0.3777605597333261 0.16589413017237664 0.035122683989438075
692 0.9365458213916953 0.6423044336677356 0.7219408436881929
693 0.05112522451993573 0.6409061533185749 0.7011639730407745
694 0.17455699537019975 0.7526017702789887 0.481181818124898
695 0.14461341010718765 0.36997191387233186 0.2578319303340124
696 0.047870773583280846 0.8561623746943745 0.5748728460635151
697 0.6417056450839063 0.1671301975606816 0.19613091830227247
698 0.07866905445730266 0.7956752530092273 0.4919043326901038
699 0.09629974656000062 0.6871796251848946 0.6126395874936378
700 0.1945902522473012 0.33350300480889383 0.5962213628550337
701 0.7698131257144065 0.3922774915396696 0.7411506239083339
702 0.0336270126942696 0.7067491845687467 0.32814411899344553
703 0.0003795019108552289 0.2307781086139289 0.11995998735093616
704 0.5073972823649847 0.22897648342414934 0.2137336320478791
705 0.4937639469979668 0.3287832130564132 0.0636578994383199
706 0.9832547661704876 0.6018693089755658 0.857246180403405
707 0.004943305236245643 0.4396529065164827 0.243436949137241
708 0.5904092750848631 0.5569756153783731 0.43091185800900145
709 0.431512630852105 0.7401709976663471 0.6481500244152358
710 0.25629576902121187 0.6298309148205958 0.748410878880044
711 0.2533822926028433 0.18989445384976722 0.08324793790533114
712 0.35760179044983276 0.631602351567553 0.47225901951030724
713 0.1877230821975434 0.26104574053819496 0.03901995904395761
714 0.5160993589331724 0.93642654891406 0.0920990948697532
715 0.14821676649595417 0.7464502965800942 0.9955105511849163
716 0.5732392203284549 0.07329288995648364 0.4021569202631401
717 0.3079529455746157 0.7330309687973472 0.05937957153635054
718 0.40349872257364283 0.6255027086125291 0.19329263771565575
719 0.07019601369102735 0.6220197042351857 0.7284731291108376
720 0.7948566256280749 0.5902169969938352 0.24973478790777748
721 0.5015422464779267 0.46927255988117245 0.9532453506138633
722 0.005647357398512631 0.3174100146057164 0.6495224474568383
723 0.07200365495398298 0.40946527697767576 0.5500196632648326
724 0.2624314989361086 0.7938985068463104 0.9711487496375193
725 0.8730315111039243 0.8115304595934965 0.9819321068604788
726 0.3287460332577963 0.24098644713239592 0.4609393214309021
727 0.03697680603461384 0.0108761291917564 0.5666504184695675
728 0.08960990634318933 0.747133616666815 0.09189784454027716
729 0.36379708710832526 0.3889848823537314 0.5741281967619893
730 0.21084064693272253 0.8666628758121812 0.657085810338348
731 0.789493684426985 0.24374509659259413 0.15380595679885767
732 0.2811425439745264 0.922786695522898 0.6432073513779636
733 0.8917356431163667 0.7328018136013198 0.8770362850265292
734 0.8156980745593329 0.27250333628844425 0.30713657291547247
735 0.8263391541350954 0.14429327595415364 0.45478244005364155
736 0.7555516333493527 0.7049583610400668 0.6577137516674556
737 0.8256773573513784 0.3378211680949377 0.4093972051544643
738 0.25239950469903416 0.8652650044207415 0.8932515454816685
739 0.7894258151553041 0.9402316375833759 0.889325916072355
740 0.862261517025263 0.7457750234241683 0.35001061660870514
741 0.7008549848735484 0.029729172179264074 0.4739067026236664
742 0.13681077208636472 0.8297350387373267 0.8016196000886673
743 0.20219883823110718 0.6520788039615665 0.2451414356282403
744 0.15012482482501943 0.07649067923670383 0.8837833229880269
745 0.7439384058131062 0.6228667613190275 0.17387831618493754
746 0.7012659890636835 0.41816206622393826 0.9558160910362029
747 0.13279870544657046 0.5260673215982387 0.08174430140898548
748 0.6490235658147157 0.8034958561212008 0.27902423750933536
749 0.8484056157713924 0.6461405400653698 0.18627274408911687
750 0.8951421814336656 0.24663609714470625 0.6761019292965655
751 0.765049637662424 0.5083311968084281 0.5546355153172817
752 0.8889243223106709 0.9203047514283731 0.1484677815025801
753 0.36327692981629156 0.2336632259588035 0.33723132843940595
754 0.5290776736832574 0.44049268028837196 0.14365023816023947
755 0.052291581465549464 0.61520446319996 0.09078689879134527
756 0.8768380704829073 0.8530353900136625 0.6809467477288588
757 0.25130854746585196 0.493976593643664 0.6612298463736187
758 0.9480035664881489 0.2350752006037794 0.27480295903318397
759 0.7751607784848409 0.6444457712390484 0.09597944246842405
760 0.8365624780229026 0.49262957488215586 0.6850825624018732
761 0.9085143568715811 0.9860624271188999 0.8022431689219863
762 0.5276996385782801 0.8850549547366312 0.5008668091948032
763 0.40492541957673334 0.6684099377798958 0.7335898356783449
764 0.7388961024700462 0.7751426902057281 0.9447085585972109
765 0.16475358007674668 0.021150339329792822 0.4403777014410054
766 0.8197855905660624 0.14750113836464607 0.865308318997427
767 0.783544117134808 0.6395737098276402 0.8694518286791748
768 0.9531919581959004 0.6839268645966932 0.658543240023692
769 0.6821617796214358 0.36833464653667225 0.85289415715793
770 0.39422769173413985 0.6852097289018568 0.4243355340072259
771 0.15707892456948425 0.2790026181036259 0.628131469780987
772 0.4182611207283635 0.9309948773773583 0.3093094875637954
773 0.7082335370963533 0.7124458131945969 0.5818587480003516
774 0.10868252589625294 0.7589588239703615 0.46748126317157646
775 0.23955099040396466 0.43972609341266744 0.9271017425900274
776 0.36858777155501965 0.5903217020683612 0.17049019997230774
777 0.30548531301774273 0.12251989197762037 0.4964626618965813
778 0.7943327871693051 0.30845897759445706 0.06495094378748889
779 0.0746441301211691 0.024503921481071167 0.9670072417007172
780 0.5607265482738507 0.9942927344687602 0.5097089807181742
781 0.20176888905246315 0.0624660636543799 0.79273822127307
782 0.6136388428872338 0.15076631871059254 0.879637842229278
783 0.9959324862065644 0.7450824602188979 0.9921730491190132
784 0.9655410850874839 0.33098743150064247 0.40638173673794853
785 0.9233829453719492 0.5886487465562635 0.48293040344891125
786 0.039650240767687195 0.9584456960024212 0.33044805137223465
787 0.10912847878023435 0.8703643033893471 0.7046351256524942
788 0.9858562176356144 0.255409676586446 0.9449027509615856
789 0.37260790516871656 0.669814838304572 0.48580148316434124
790 0.10877120399841556 0.7319115135325118 0.9331936891687608
791 0.3688587449160049 0.06368068930462378 0.07995616633967784
792 0.6029973567725418 0.5862861973960617 0.6974858096725167
793 0.8239979884279165 0.5778293819423859 0.9166662978153077
794 0.16685661813080532 0.7571003106360706 0.9762710630119065
795 0.633348927667634 0.6522373647429196 0.07751087071665941
796 0.3823209094362655 0.5245055495512978 0.3972049166743471
797 0.06835750188509604 0.6524513348998765 0.6316956784164027
798 0.3790614299409075 0.23342665401999418 0.9953395183136268
799 0.15390068173976845 0.7010457546208375 0.729168210868175
800 0.6950428159539033 0.8150126594203914 0.2618002917280412
801 0.7429094421539573 0.7196842125463807 0.24108924036310075
802 0.013617172211063622 0.9028668015737114 0.5577073884925943
803 0.7543690788503041 0.21721950333744344 0.9598214845940346
804 0.22264578696472415 0.9648645694397969 0.1736062779338523
805 0.093567698860202 0.20672663564687 0.47711053175156004
806 0.8194227927787082 0.5098056172991718 0.6025711419549049
807 0.44969993237201056 0.08043835139405087 0.22171720774485382
808 0.014021355178361783 0.9398404610351719 0.1832459209761822
809 0.7037826507902916 0.5357545843447898 0.05640676944153822
810 0.05616763485578591 0.20073475168115018 0.7756277205892468
811 0.9305250995710301 0.6954761335001539 0.940740794855985
812 0.2253337585009717 0.5545934159156473 0.7251797934695211
813 0.0032886687590266694 0.7506085791921283 0.6220617974582932
814 0.6193384560729622 0.9716657285859337 0.723067375852023
815 0.5007847671987247 0.32595679852823567 0.9081976964765229
816 0.2944034285860555 0.36604580420804356 0.4457262076341987
817 0.3473773979353406 0.6388589844613489 0.6411732179848226
818 0.9990214986757608 0.07052914170241198 0.11173637166988515
819 0.42372784987337797 0.8444547169835857 0.5084546104711458
820 0.003308725899070386 0.5791664956245557 0.009647545626725873
821 0.6009727172749249 0.29172748779631663 0.3794444260136586
822 0.8776424149766651 0.6236490184848615 0.8876055467959115
823 0.9012620149984055 0.5458266586557008 0.8037418999177672
824 0.3199450274750184 0.8862496228376541 0.28505160914681527
825 0.7667769067412872 0.8545706001039047 0.6870036629545562
826 0.23054961796063866 0.3758798742410516 0.011267968546979867
827 0.9109565342501116 0.2705685099360584 0.13794841566206362
828 0.4598763806912127 0.45989940579424327 0.9917018279309483
829 0.12167802612764278 0.6954948944986199 0.14278587504342766
830 0.7714543918684275 0.8562463844442503 0.9512035686419263
831 0.18468799891051424 0.3417258176456548 0.772238404902837
832 0.6746000055536289 0.739928514125299 0.42637172527071854
833 0.08364617715855649 0.2152507625933071 0.2283248814209018
834 0.725198656801726 0.7781111058704593 0.24408452962349836
835 0.5953598665747377 0.267379625159924 0.8296205835353309
836 0.2425013862766856 0.020102486952125798 0.9626674759102416
837 0.43260567577009457 0.6673107966746628 0.2487439690259502
838 0.6740289538987674 0.5169866180281493 0.25655275444139125
839 0.4461813730980847 0.8220949494491877 0.34209150992793924
840 0.9805740703077397 0.8381590978438573 0.26921050448854145
841 0.28014520888740324 0.7781224654763199 0.10558097671020017
842 0.2984227314715888 0.20348009100402864 0.7005980045562843
843 0.20680436629151366 0.8964328250448839 0.5616267273844405
844 0.9812010423885997 0.908122316712295 0.9583320055919109
845 0.8781693992439394 0.1011878241213392 0.19276278607168662
846 0.946310524819708 0.8769563019747763 0.6354812198272608
847 0.6168941084099694 0.19874471107924796 0.16111420408481913
848 0.24368538387669592 0.5361617329099311 0.26570473785598736
849 0.08022833734993473 0.8954827407945314 0.9770753188833409
850 0.907169159492812 0.1848971777549705 0.9063185591894583
851 0.9186995889202625 0.7462074352803063 0.5740110612908511
852 0.39905832024622256 0.8614744449140735 0.6778300170107313
853 0.17846936345685327 0.3901258277757995 0.715601174784506
854 0.14857611166042706 0.2957384753758693 0.5086314636350986
855 0.22836619861087826 0.367782443259845 0.6171796559497094
856 0.6772444173944748 0.5097537814229317 0.8503829852290281
857 0.09478493089222717 0.9795169233389914 0.28130295200248134
858 0.19542377564453373 0.757706080855736 0.40757675927661974
859 0.23703771685134578 0.8992685074626556 0.8425245760790175
860 0.9002013999536432 0.2904607973461182 0.7742445412976268
861 0.0207420883945455 0.34919091781197287 0.05910963216968668
862 0.24170255791497497 0.2082509212649346 0.4601927058333981
863 0.0229512372985623 0.2484802388754761 0.1660814780566271
864 0.7723401213449353 0.26351412419433295 0.41503367183305295
865 0.6635725010147583 0.23763677475427436 0.9064823272687466
866 0.4190862495378659 0.3512420110045469 0.3467307651592614
867 0.6607342535851212 0.943265627253978 0.4389570176303135
868 0.27252011773956564 0.9691008511875218 0.4005308285972857
869 0.7603226254915821 0.018931251040757546 0.7153243500214966
870 0.17365522627176266 0.0428757120292339 0.42509111980407344
871 0.6501004658097337 0.21029327495642447 0.5032675779699962
872 0.163286548837296 0.21353022342901118 0.5986711267146779
873 0.13745397900023137 0.39093356553885794 0.2747171026847679
874 0.661677015171824 0.7074484203485191 0.8348540592832498
875 0.42831192877752366 0.7940958446951435 0.18003609342507187
876 0.7785143635231556 0.7894896547513459 0.5313625385522892
877 0.8003425553633039 0.07152158635120487 0.41097870113018586
878 0.7526665307609803 0.8552575962069354 0.6369285434620605
879 0.18527752279480403 0.9022588328908084 0.25988701720452767
880 0.7307707235030786 0.8329764888988036 0.9125293096012681
881 0.5064637477870808 0.6506546593118451 0.9088913581156624
882 0.7487988733057105 0.03266545795242537 0.013156404689573353
883 0.9488602200998942 0.005649199877456934 0.9230702042497992
884 0.43882066395371877 0.6053464371371278 0.7578623121965622
885 0.8060334521503206 0.32822376441632906 0.8357139986231495
886 0.7263544187310006 0.06412309459745413 0.21852479000781488
887 0.8307739821297377 0.8369724620463403 0.8494959678280597
888 0.5651605700562053 0.25440720155052843 0.3809851823504601
889 0.7553221108688106 0.8708804038946498 0.35032499502583136
890 0.4996404026617758 0.4474202349262122 0.5700359252249529
891 0.8824188957705095 0.12044750334040277 0.8026590146141803
892 0.3944081413350632 0.4800439780497473 0.6541268442344542
893 0.43720980974724877 0.03431062212113156 0.9695668963006988
894 0.2038354581932026 0.9211889567601638 0.6707796711278322
895 0.6418824854559938 0.10912702560798482 0.6696757760554731
896 0.434916171149639 0.8060334322113899 0.2937452189825762
897 0.1309921077072248 0.22141097469031712 0.24749149881014532
898 0.6094917486026075 0.1219588331220669 0.4562456273786769
899 0.4835046659852402 0.07365163632300709 0.822536576944897
900 0.326536378986088 0.9524507545060102 0.7888315776026383
901 0.5379585028152534 0.7049970659590191 0.35528865348035865
902 0.8162871418265795 0.581374702942246 0.04011328295683525
903 0.042926744847389675 0.7624723831755069 0.16799022553854037
904 0.8693747210944471 0.21883242161524985 0.8696177741899
905 0.3653538449412941 0.018469546422259175 0.9733727375586093
906 0.45655880105619706 0.8087930829344879 0.12689115793497052
907 0.1727754177528592 0.17160677684265468 0.905097404367221
908 0.7814012543183964 0.5116156624485555 0.864999982927293
909 0.30457592719901083 0.5499775538154139 0.4836203495389423
910 0.7100403137263388 0.6786683808399283 0.024201460891036253
911 0.002996889940507952 0.999785039672867 0.7097132206900745
912 0.34122423316488726 0.25011610524633154 0.8797196733889464
913 0.9714808236986563 0.655268261682615 0.5001798013954277
914 0.2761702369984347 0.1820749783281138 0.7807561490281995
915 0.8627169502290278 0.373801036953597 0.2684760051747641
916 0.41916056006526414 0.6103648254170343 0.7011965816881539
917 0.1712353646381114 0.9070159325895629 0.42973503628462995
918 0.7504921248070213 0.6644902106738416 0.7732846768908362
919 0.9440144629640997 0.3121071749444836 0.11773520642682866
920 0.7152384634309461 0.7317971645416483 0.7955448891771056
921 0.3841711261141352 0.4103354084230124 0.5220280252788431
922 0.3525688118242004 0.23968033014432744 0.9862662079401316
923 0.7513976421480628 0.23738321611422952 0.43216422686892275
924 0.04500606396488249 0.9243876020701701 0.0635723134136379
925 0.21047271444215765 0.2732262010083233 0.6171891814153433
926 0.8013367807877597 0.7716379632214057 0.9273521127160689
927 0.5184523771364297 0.5456829397480559 0.19644932221971856
928 0.6351666018247021 0.5758278677973704 0.922120380164035
929 0.8403354566810841 0.13104475676279592 0.6210890792907237
930 0.5129051432734637 0.39174747578037283 0.7210872224412903
931 0.35574034777037555 0.6087710452285542 0.8879064121929953
932 0.13700085385208638 0.3202869737792704 0.8372628758516909
933 0.6802833190489088 0.694541115620151 0.21787852721307233
934 0.08501778721944087 0.8978086258188525 0.07458250669572597
935 0.574634767468085 0.7894430293943661 0.6546468074354544
936 0.45553527211654976 0.7635476742659969 0.550096227939216
937 0.22974340490237288 0.4142196314836577 0.5070410977067817
938 0.6363632887776475 0.5194271095413442 0.5274553859331818
939 0.24713419713476037 0.5254709625574175 0.3028427062854592
940 0.7229252242587206 0.2955122256838779 0.04853336242060424
941 0.5271574562511455 0.7056005608936506 0.5944473224168392
942 0.1307572345805721 0.6075562204263251 0.9573063721352145
943 0.22388296868031488 0.5423577978952775 0.007553622985180919
944 0.2743769334442405 0.9214320949712613 0.6854117598075717
945 0.08143848239426899 0.9934910482101192 0.23140534691070624
946 0.8906985630954303 0.7098415466509191 0.5049631492186225
947 0.05857497591263061 0.11029785444571016 0.6463334244372728
948 0.8298800698223254 0.14283715454237877 0.2550963689688933
949 0.7587069759877276 0.46534639009276046 0.5395273119384105
950 0.0702296168990213 0.5440420715177937 0.9261957381105101
951 0.0021034477666708185 0.5102402283841802 0.22420073308485
952 0.28464884146078706 0.7860655211307876 0.8180749853552792
953 0.4053152106346698 0.23888282352066026 0.9914062729508211
954 0.9282885864570721 0.7127336716761893 0.06801716622445397
955 0.7286322969116105 0.032558223129919184 0.6395357941105176
956 0.9292379826900269 0.9400839771940714 0.5661133872703141
957 0.638775039207699 0.4822274422457239 0.9436507496592931
958 0.3518016434624024 0.7730600303195142 0.24737375280531992
959 0.02829381628739669 0.3377267041886788 0.4668103579527758
960 0.24046791227048336 0.09776099943108607 0.6265493323754705
961 0.6976623615074453 0.2945147742695944 0.018785467009467482
962 0.1400077153206064 0.9872026594478466 0.31610225451485885
963 0.4320819625541824 0.9004008820543755 0.37122340501108597
964 0.8298002918695221 0.11867322085899146 0.15830346303897902
965 0.8275952866965698 0.5147026162191467 0.3316215850643215
966 0.7156028093612395 0.10436101868972836 0.5669141720031579
967 0.992301963627302 0.8533722912238221 0.09314434501209845
968 0.26516764561405726 0.9502705645055229 0.8940482165434717
969 0.7686502005614798 0.4276058183134126 0.4729392846314524
970 0.6497596083639234 0.6716819134033726 0.6082707198969098
971 0.9261497599247833 0.43401025726958076 0.08726081968472144
972 0.6244676691827281 0.042502415167861685 0.5119869463128479
973 0.4860300476640651 0.49137741738191265 0.20544152728159548
974 0.17106321815099623 0.9945807480525837 0.07168079817494477
975 0.5050429751267455 0.4927480496063129 0.9179231809800327
976 0.7275335966724741 0.4367594775465252 0.21861746248582403
977 0.18524936197727448 0.0059847134687616155 0.9155068990182036
978 0.09512182141858139 0.1343245228329949 0.6573575044591494
979 0.9873433152954907 0.1647976867454124 0.4838286571802235
980 0.7473635173166516 0.6418036604811249 0.9250603714840404
981 0.1377307691471068 0.5022293743846876 0.06597794669336521
982 0.7496609867432112 0.2501794853183731 0.7940783807578368
983 0.5776972534014764 0.701290955956509 0.8349573597900952
984 0.8303402061391766 0.15268759517446406 0.5442862845650828
985 0.16522549010222787 0.5555211979382911 0.20076107869238302
986 0.5817670147258861 0.5134660413163533 0.1610795470676496
987 0.11308893115305674 0.3915451417463198 0.9500388938874449
988 0.3782496253844745 0.6298642291890411 0.788233412962901
989 0.8935473017910086 0.0599184299072828 0.15368825150761556
990 0.5886828831887948 0.32825436359576166 0.8787744637677557
991 0.6027661332459976 0.6746732765680172 0.834115556400167
992 0.15513659905228316 0.6094622794631199 0.0891679346786759
993 0.15594312084319695 0.9301320565823255 0.9644725529830294
994 0.13520864460462467 0.2176251698263757 0.2874142861542185
995 0.8449240561504604 0.8494410482385915 0.7245491226986088
996 0.2734879517680756 0.21680338526897014 0.3300140151491139
997 0.9173774024757083 0.3516390018615234 0.8003655612143391
998 0.5276371451210169 0.9633186756765327 0.35612887044964214
999 0.09390149483012644 0.8017865128703575 0.9844572720187764
1000 0.7359742047064816 0.7577114434617909 0.9025616839864328
0.5